track_id,href,acousticness,danceability,energy,instrumentalness,key,liveness,loudness,mode,speechiness,tempo,valence,tempo_norm,loudness_norm,key_name
003vvx7Niy0yvhvHt4a68B,https://open.spotify.com/track/003vvx7Niy0yvhvHt4a68B,0.00121,0.352,0.911,0.0,1.0,0.0994999999999999,-5.23,1,0.0747,148.033,0.236,0.5365136363636364,0.9128333333333332,C#
00ju8gshHD67on6Aqh83Pb,unknown_href,0.2751393934602076,0.6354256055363322,0.6118322952710495,0.0142921726182237,5.047289504036909,0.1917657439446366,-7.028305651672434,0,0.1090111880046136,122.29604152249134,0.4638054209919262,0.4195274614658697,0.8828615724721262,C
00syWkRGIVQvYsg2OwfBUw,https://open.spotify.com/track/00syWkRGIVQvYsg2OwfBUw,0.236,0.408,0.607,8.02e-05,10.0,0.0972,-7.463,1,0.0391,144.136,0.169,0.5187999999999999,0.8756166666666666,A#
01ppKlDRCmPpusO3yNrSRY,https://open.spotify.com/track/01ppKlDRCmPpusO3yNrSRY,0.4069999999999999,0.619,0.619,0.0,2.0,0.0932,-6.238,1,0.491,125.752,0.393,0.4352363636363636,0.8960333333333333,D
02Mqx9HzVRyfdCUpPNR6N3,https://open.spotify.com/track/02Mqx9HzVRyfdCUpPNR6N3,0.0513,0.603,0.772,0.000141,8.0,0.114,-3.953,1,0.039,130.996,0.0632,0.4590727272727273,0.9341166666666666,G#
02vvwHxBoZtnNDQFFE64NQ,https://open.spotify.com/track/02vvwHxBoZtnNDQFFE64NQ,0.00377,0.908,0.487,0.000165,1.0,0.0703,-6.591,1,0.158,145.056,0.719,0.5229818181818182,0.89015,C#
02wk5BttM0QL38ERjLPQJB,https://open.spotify.com/track/02wk5BttM0QL38ERjLPQJB,0.653,0.752,0.65,0.00136,5.0,0.105,-6.683,0,0.12,134.993,0.532,0.477240909090909,0.8886166666666667,F
030OCtLMrljNhp8OWHBWW3,https://open.spotify.com/track/030OCtLMrljNhp8OWHBWW3,0.000176,0.59,0.698,0.0,11.0,0.107,-4.262,1,0.0286,95.975,0.352,0.2998863636363636,0.9289666666666666,B
03rwnftfgpYVO6QDWOZcG6,https://open.spotify.com/track/03rwnftfgpYVO6QDWOZcG6,0.334,0.709,0.377,0.0,7.0,0.176,-11.327,1,0.219,127.921,0.147,0.4450954545454545,0.8112166666666667,G
040I32EKLxQrkuxQu1pqvT,https://open.spotify.com/track/040I32EKLxQrkuxQu1pqvT,0.64,0.557,0.577,0.0,1.0,0.104,-7.514,1,0.027,89.111,0.328,0.2686863636363636,0.8747666666666666,C#
045ZeOHPIzhxxsm8bq5kyE,https://open.spotify.com/track/045ZeOHPIzhxxsm8bq5kyE,0.000466,0.544,0.884,0.000134,7.0,0.381,-5.973,1,0.0383,91.981,0.184,0.2817318181818181,0.90045,G
04S1pkp1VaIqjg8zZqknR5,https://open.spotify.com/track/04S1pkp1VaIqjg8zZqknR5,0.0716,0.535,0.618,0.000388,8.0,0.169,-3.913,1,0.0273,81.975,0.228,0.23625,0.9347833333333334,G#
04WxWo7XeVyx22xEsrWRUb,https://open.spotify.com/track/04WxWo7XeVyx22xEsrWRUb,0.0229,0.624,0.65,1.21e-05,2.0,0.145,-5.819,1,0.0358,150.048,0.138,0.5456727272727273,0.9030166666666666,D
04hgBWsBDEyVP8pH0BCZbG,https://open.spotify.com/track/04hgBWsBDEyVP8pH0BCZbG,0.000134,0.674,0.6,0.0,8.0,0.23,-6.282,1,0.0406,139.84,0.489,0.4992727272727273,0.8953000000000001,G#
04vLj9QUXoKdRlsp3gkURo,https://open.spotify.com/track/04vLj9QUXoKdRlsp3gkURo,0.646,0.501,0.224,0.0,3.0,0.284,-12.431,1,0.092,202.677,0.619,0.7848954545454545,0.7928166666666667,D#
059qzhNaJb8tsqpdl2bHfF,https://open.spotify.com/track/059qzhNaJb8tsqpdl2bHfF,0.724,0.575,0.828,0.00792,4.0,0.189,-6.599,0,0.154,113.811,0.133,0.3809590909090909,0.8900166666666666,E
05CTjmZKjZoCKQvM1Ldq9M,https://open.spotify.com/track/05CTjmZKjZoCKQvM1Ldq9M,0.447,0.526,0.283,5.12e-06,3.0,0.111,-13.127,0,0.566,165.991,0.354,0.6181409090909091,0.7812166666666667,D#
05WVKTdZhlIMX4qqMLuo0f,unknown_href,0.2751393934602076,0.6354256055363322,0.6118322952710495,0.0142921726182237,5.047289504036909,0.1917657439446366,-7.028305651672434,0,0.1090111880046136,122.29604152249134,0.4638054209919262,0.4195274614658697,0.8828615724721262,C
06iup3YJ4EsnkSxyQKFfNk,https://open.spotify.com/track/06iup3YJ4EsnkSxyQKFfNk,0.0858,0.687,0.576,0.0,1.0,0.139,-6.263,0,0.0713,145.027,0.287,0.5228499999999999,0.8956166666666667,C#
06qMRF18gwbOYYbnP2du6i,https://open.spotify.com/track/06qMRF18gwbOYYbnP2du6i,0.212,0.733,0.598,3.71e-06,2.0,0.156,-8.228,1,0.0278,107.732,0.935,0.3533272727272727,0.8628666666666667,D
07TSrx1BDK6twM9avkYzbe,https://open.spotify.com/track/07TSrx1BDK6twM9avkYzbe,2.1e-05,0.522,0.954,0.676,1.0,0.316,-4.547,1,0.0713,109.973,0.239,0.3635136363636363,0.9242166666666668,C#
093MlZS93ZKlHpGkmb3k3W,https://open.spotify.com/track/093MlZS93ZKlHpGkmb3k3W,0.0733,0.83,0.529,0.0,1.0,0.107,-6.374,1,0.324,157.009,0.54,0.5773136363636363,0.8937666666666666,C#
09LrGvT9KsACH66RHYMDyR,https://open.spotify.com/track/09LrGvT9KsACH66RHYMDyR,0.448,0.628,0.453,0.000538,1.0,0.165,-10.141,1,0.0271,89.969,0.328,0.2725863636363636,0.8309833333333334,C#
0AAMnNeIc6CdnfNU85GwCH,https://open.spotify.com/track/0AAMnNeIc6CdnfNU85GwCH,0.199,0.7509999999999999,0.3,0.000341,4.0,0.127,-9.404,0,0.0584,120.097,0.0551,0.4095318181818181,0.8432666666666667,E
0Ah7O76JL0pyn84jI7NPbr,https://open.spotify.com/track/0Ah7O76JL0pyn84jI7NPbr,0.0631,0.548,0.517,1.21e-06,11.0,0.165,-6.591,0,0.038,87.748,0.236,0.2624909090909091,0.89015,B
0ArVfVP8B5svkfj8clHNzB,https://open.spotify.com/track/0ArVfVP8B5svkfj8clHNzB,0.0644,0.823,0.642,0.714,1.0,0.105,-5.922,1,0.258,146.781,0.629,0.5308227272727273,0.9013,C#
0B6g379TMw0nYGXA7y5xHz,https://open.spotify.com/track/0B6g379TMw0nYGXA7y5xHz,0.1769999999999999,0.775,0.555,0.00352,9.0,0.208,-7.283,0,0.154,135.004,0.271,0.477290909090909,0.8786166666666666,A
0B7tnohfi83RQquo2JRHrL,https://open.spotify.com/track/0B7tnohfi83RQquo2JRHrL,0.127,0.615,0.782,0.0,1.0,0.19,-4.302,1,0.0522,104.027,0.583,0.3364863636363636,0.9283,C#
0BFQC00Y58JtjMyTXOJazO,https://open.spotify.com/track/0BFQC00Y58JtjMyTXOJazO,0.632,0.644,0.711,1.91e-05,0.0,0.0898,-4.934,0,0.377,128.225,0.381,0.4464772727272727,0.9177666666666668,C
0BxE4FqsDD1Ot4YuBXwAPp,https://open.spotify.com/track/0BxE4FqsDD1Ot4YuBXwAPp,0.00287,0.526,0.866,7.78e-05,0.0,0.0945,-5.822,1,0.0568,140.266,0.248,0.5012090909090908,0.9029666666666666,C
0CFhbNsY7CsuSkBQOiLPzz,https://open.spotify.com/track/0CFhbNsY7CsuSkBQOiLPzz,0.116,0.731,0.586,0.0,1.0,0.0987,-7.563999999999999,0,0.172,125.845,0.147,0.4356590909090909,0.8739333333333333,C#
0DIcssPpatAMqFXLZCxZMN,https://open.spotify.com/track/0DIcssPpatAMqFXLZCxZMN,0.0838,0.867,0.887,1.52e-06,1.0,0.559,-3.198,1,0.3,98.558,0.57,0.3116272727272727,0.9467,C#
0DM63CJEklNPKu6kHGyuEl,https://open.spotify.com/track/0DM63CJEklNPKu6kHGyuEl,0.0873,0.514,0.672,0.0,5.0,0.28,-5.209,1,0.0321,148.045,0.331,0.5365681818181818,0.9131833333333332,F
0DWdj2oZMBFSzRsi2Cvfzf,https://open.spotify.com/track/0DWdj2oZMBFSzRsi2Cvfzf,0.619,0.587,0.647,0.0,4.0,0.106,-3.385,0,0.327,90.123,0.686,0.2732863636363636,0.9435833333333332,E
0DhCbTQZfWD8P8pOlg3jv9,https://open.spotify.com/track/0DhCbTQZfWD8P8pOlg3jv9,0.133,0.542,0.61,0.0,5.0,0.127,-6.497,0,0.419,83.51,0.317,0.2432272727272727,0.8917166666666667,F
0F60WLPs6Oz2slHomvLt9U,https://open.spotify.com/track/0F60WLPs6Oz2slHomvLt9U,0.0461,0.587,0.8,0.0,11.0,0.344,-3.194,1,0.243,144.332,0.823,0.5196909090909091,0.9467666666666666,B
0FA4wrjDJvJTTU8AepZTup,https://open.spotify.com/track/0FA4wrjDJvJTTU8AepZTup,0.0103,0.686,0.8969999999999999,0.103,11.0,0.153,-7.18,0,0.0386,129.975,0.355,0.4544318181818181,0.8803333333333333,B
0FlwhvrncUKrEAhzunmCKm,https://open.spotify.com/track/0FlwhvrncUKrEAhzunmCKm,0.765,0.394,0.256,0.0,0.0,0.116,-10.944,1,0.036,94.367,0.215,0.2925772727272727,0.8176,C
0FxtC8uFapbpDBliAU3sd6,https://open.spotify.com/track/0FxtC8uFapbpDBliAU3sd6,0.152,0.772,0.73,0.000107,11.0,0.274,-6.657,0,0.0972,136.175,0.786,0.4826136363636364,0.88905,B
0GJwUAlBMJTbY4VE7iE761,https://open.spotify.com/track/0GJwUAlBMJTbY4VE7iE761,0.0361,0.846,0.755,0.0,10.0,0.0448,-2.47,0,0.0738,96.002,0.883,0.3000090909090909,0.9588333333333332,A#
0GMiRrUnQuoGddKMsxGPIZ,https://open.spotify.com/track/0GMiRrUnQuoGddKMsxGPIZ,0.0541,0.523,0.636,2.63e-06,7.0,0.0715999999999999,-5.813,1,0.0582,128.785,0.155,0.4490227272727272,0.9031166666666668,G
0Go8GIJDY20yleXgCkWA4O,https://open.spotify.com/track/0Go8GIJDY20yleXgCkWA4O,0.128,0.707,0.8,2.59e-05,11.0,0.3,-5.567,0,0.0544,124.991,0.354,0.4317772727272727,0.9072166666666668,B
0HEytGQM3bG1vKxER7IgVK,https://open.spotify.com/track/0HEytGQM3bG1vKxER7IgVK,0.409,0.604,0.444,0.0,0.0,0.0837,-7.695,1,0.0698,72.129,0.169,0.1914954545454545,0.87175,C
0IsIY8pfu1yaGkPUD7pkDx,https://open.spotify.com/track/0IsIY8pfu1yaGkPUD7pkDx,0.0167,0.78,0.713,0.206,0.0,0.144,-4.493,1,0.0888,130.034,0.615,0.4546999999999999,0.9251166666666666,C
0JXXNGljqupsJaZsgSbMZV,https://open.spotify.com/track/0JXXNGljqupsJaZsgSbMZV,0.0267,0.684,0.607,0.000307,11.0,0.191,-8.127,0,0.1,81.001,0.498,0.2318227272727273,0.8645499999999999,B
0JmnkIqdlnUzPaf8sqBRs3,unknown_href,0.2751393934602076,0.6354256055363322,0.6118322952710495,0.0142921726182237,5.047289504036909,0.1917657439446366,-7.028305651672434,0,0.1090111880046136,122.29604152249134,0.4638054209919262,0.4195274614658697,0.8828615724721262,C
0K4VRE5GQXvMWviP3PG0E8,https://open.spotify.com/track/0K4VRE5GQXvMWviP3PG0E8,0.393,0.683,0.475,0.0361,6.0,0.162,-9.867,0,0.159,138.061,0.258,0.4911863636363636,0.8355499999999999,F#
0K9tfzrxJyCQIf7oAlPwaK,https://open.spotify.com/track/0K9tfzrxJyCQIf7oAlPwaK,0.317,0.617,0.904,0.0,11.0,0.507,-5.371,1,0.341,151.926,0.764,0.5542090909090909,0.9104833333333332,B
0KXIsj1KjSNlGvNora6BA4,https://open.spotify.com/track/0KXIsj1KjSNlGvNora6BA4,0.00355,0.509,0.962,0.000453,11.0,0.184,-6.563,0,0.0896,153.03,0.425,0.5592272727272727,0.8906166666666666,B
0LQtEJt7x0s6knb6RKdRYc,https://open.spotify.com/track/0LQtEJt7x0s6knb6RKdRYc,0.645,0.566,0.713,0.0,6.0,0.114,-4.25,1,0.0418,169.861,0.805,0.6357318181818181,0.9291666666666668,F#
0Lmbke3KNVFXtoH2mMSHCw,https://open.spotify.com/track/0Lmbke3KNVFXtoH2mMSHCw,0.157,0.795,0.63,0.0,7.0,0.0732,-5.854,0,0.0434,97.998,0.447,0.3090818181818182,0.9024333333333332,G
0M7mWKqwTIaVjYyxfZmtTa,https://open.spotify.com/track/0M7mWKqwTIaVjYyxfZmtTa,0.518,0.424,0.662,1.77e-06,2.0,0.0719,-5.547,1,0.0425,111.758,0.385,0.3716272727272727,0.90755,D
0Mrnt1YqVuW2bqmwu4VxDt,https://open.spotify.com/track/0Mrnt1YqVuW2bqmwu4VxDt,0.0636,0.646,0.6049999999999999,0.0,0.0,0.253,-7.589999999999999,1,0.188,90.15600000000002,0.309,0.2734363636363637,0.8735,C
0NXRZaUn11do0EzDFlXkbj,https://open.spotify.com/track/0NXRZaUn11do0EzDFlXkbj,0.394,0.512,0.808,0.0,5.0,0.109,-6.871,1,0.355,153.845,0.627,0.5629318181818181,0.8854833333333333,F
0NwGC0v03ysCYINtg6ns58,https://open.spotify.com/track/0NwGC0v03ysCYINtg6ns58,0.000795,0.505,0.893,0.0,11.0,0.178,-3.0130000000000003,0,0.0771,145.913,0.659,0.5268772727272728,0.9497833333333332,B
0OA00aPt3BV10qeMIs3meW,unknown_href,0.2751393934602076,0.6354256055363322,0.6118322952710495,0.0142921726182237,5.047289504036909,0.1917657439446366,-7.028305651672434,0,0.1090111880046136,122.29604152249134,0.4638054209919262,0.4195274614658697,0.8828615724721262,C
0OEe83mMZ5kaNw5uZQ7ilG,https://open.spotify.com/track/0OEe83mMZ5kaNw5uZQ7ilG,0.461,0.674,0.609,0.0,2.0,0.328,-6.306,0,0.045,116.066,0.509,0.3912090909090909,0.8949,D
0PHrcmOtDE89ew4vVEaD7S,https://open.spotify.com/track/0PHrcmOtDE89ew4vVEaD7S,0.00585,0.68,0.794,0.0,2.0,0.473,-4.534,1,0.0414,130.109,0.111,0.4550409090909091,0.9244333333333332,D
0QosomGFiJYOxj2ViZfqng,unknown_href,0.2751393934602076,0.6354256055363322,0.6118322952710495,0.0142921726182237,5.047289504036909,0.1917657439446366,-7.028305651672434,0,0.1090111880046136,122.29604152249134,0.4638054209919262,0.4195274614658697,0.8828615724721262,C
0R6NfOiLzLj4O5VbYSJAjf,https://open.spotify.com/track/0R6NfOiLzLj4O5VbYSJAjf,0.255,0.751,0.819,0.0,11.0,0.236,-4.372,0,0.0409,131.842,0.6969999999999998,0.4629181818181819,0.9271333333333334,B
0RgjEkSbeuStKfT2Pa4Zai,https://open.spotify.com/track/0RgjEkSbeuStKfT2Pa4Zai,0.0534,0.846,0.779,0.0,7.0,0.299,-5.363,1,0.254,91.118,0.748,0.2778090909090909,0.9106166666666666,G
0T3Hw3kPj9T2E4UoaSXmfn,https://open.spotify.com/track/0T3Hw3kPj9T2E4UoaSXmfn,0.0401,0.554,0.928,0.0,11.0,0.496,-2.7260000000000004,0,0.125,100.963,0.411,0.3225590909090909,0.9545666666666668,B
0TDXeyH0hdiz0SZQo5w1nm,https://open.spotify.com/track/0TDXeyH0hdiz0SZQo5w1nm,0.809,0.456,0.95,0.0464,4.0,0.952,-10.811,0,0.124,121.822,0.175,0.4173727272727273,0.8198166666666666,E
0TsCBkrq3owPs06HP5Q9Z4,https://open.spotify.com/track/0TsCBkrq3owPs06HP5Q9Z4,0.456,0.699,0.791,0.0,7.0,0.25,-8.527,1,0.186,119.997,0.43,0.4090772727272727,0.8578833333333333,G
0V3wPSX9ygBnCm8psDIegu,https://open.spotify.com/track/0V3wPSX9ygBnCm8psDIegu,0.121,0.6330000000000001,0.648,2.62e-06,4.0,0.161,-6.645,1,0.0619999999999999,96.888,0.49,0.3040363636363636,0.8892500000000001,E
0VaeksJaXy5R1nvcTMh3Xk,https://open.spotify.com/track/0VaeksJaXy5R1nvcTMh3Xk,0.36,0.373,0.8179999999999998,0.0,3.0,0.434,-3.19,0,0.102,97.571,0.361,0.3071409090909091,0.9468333333333334,D#
0VjIjW4GlUZAMYd2vXMi3b,https://open.spotify.com/track/0VjIjW4GlUZAMYd2vXMi3b,0.00143,0.513,0.73,9.54e-05,1.0,0.0897,-5.94,1,0.0598,171.001,0.334,0.6409136363636364,0.901,C#
0WCJSIy75ZVxqY51ce0enc,https://open.spotify.com/track/0WCJSIy75ZVxqY51ce0enc,0.0225,0.807,0.627,0.0,11.0,0.0904,-6.829,1,0.0771,122.963,0.761,0.4225590909090909,0.8861833333333333,B
0WbMK4wrZ1wFSty9F7FCgu,https://open.spotify.com/track/0WbMK4wrZ1wFSty9F7FCgu,0.0502,0.7,0.582,0.0,11.0,0.0881,-5.96,0,0.0356,116.712,0.785,0.3941454545454546,0.9006666666666666,B
0WoVfPjxsf9MTvPt9ptqeE,unknown_href,0.2751393934602076,0.6354256055363322,0.6118322952710495,0.0142921726182237,5.047289504036909,0.1917657439446366,-7.028305651672434,0,0.1090111880046136,122.29604152249134,0.4638054209919262,0.4195274614658697,0.8828615724721262,C
0WtM2NBVQNNJLh6scP13H8,unknown_href,0.2751393934602076,0.6354256055363322,0.6118322952710495,0.0142921726182237,5.047289504036909,0.1917657439446366,-7.028305651672434,0,0.1090111880046136,122.29604152249134,0.4638054209919262,0.4195274614658697,0.8828615724721262,C
0XkZmBCCcdMY0EPY8ij6Gb,https://open.spotify.com/track/0XkZmBCCcdMY0EPY8ij6Gb,0.288,0.619,0.542,0.0,2.0,0.151,-8.681,1,0.0529,99.824,0.308,0.3173818181818181,0.8553166666666667,D
0Y9lZqbnZIQGmodV1gDjaB,https://open.spotify.com/track/0Y9lZqbnZIQGmodV1gDjaB,0.337,0.517,0.817,0.00169,10.0,0.114,-6.835,0,0.041,100.026,0.549,0.3182999999999999,0.8860833333333333,A#
0Ymjv0OJeIIPXr6s9wi3iW,https://open.spotify.com/track/0Ymjv0OJeIIPXr6s9wi3iW,0.0612,0.795,0.507,0.0,1.0,0.272,-8.06,1,0.303,146.771,0.48,0.5307772727272727,0.8656666666666666,C#
0Z7nGFVCLfixWctgePsRk9,https://open.spotify.com/track/0Z7nGFVCLfixWctgePsRk9,0.582,0.727,0.711,0.0,2.0,0.158,-6.549,1,0.078,110.012,0.375,0.3636909090909091,0.89085,D
0ZB5pdrM1leH58IgokDPZM,https://open.spotify.com/track/0ZB5pdrM1leH58IgokDPZM,0.572,0.65,0.839,7.12e-05,8.0,0.219,-4.428,0,0.18,87.39,0.846,0.2608636363636363,0.9262,G#
0ZhPWSfAKzeVQbRG08E1iI,https://open.spotify.com/track/0ZhPWSfAKzeVQbRG08E1iI,0.348,0.854,0.622,0.000129,10.0,0.114,-5.572,0,0.276,139.938,0.536,0.4997181818181818,0.9071333333333332,A#
0ZxhtATQ0a6EvQNZ0z6NKV,https://open.spotify.com/track/0ZxhtATQ0a6EvQNZ0z6NKV,0.165,0.898,0.689,0.0,9.0,0.0957,-5.092,1,0.171,147.964,0.772,0.5362,0.9151333333333334,A
0a4SMs889NwP8oWI7Vemle,https://open.spotify.com/track/0a4SMs889NwP8oWI7Vemle,0.0712,0.678,0.739,0.0,3.0,0.388,-4.358,1,0.044,110.967,0.108,0.3680318181818182,0.9273666666666668,D#
0aB0v4027ukVziUGwVGYpG,https://open.spotify.com/track/0aB0v4027ukVziUGwVGYpG,0.0837,0.855,0.529,0.0,6.0,0.423,-6.679,0,0.263,100.036,0.548,0.3183454545454545,0.8886833333333333,F#
0bBnrokPXtfwXQarqCu1Gz,https://open.spotify.com/track/0bBnrokPXtfwXQarqCu1Gz,0.138,0.835,0.744,0.0,7.0,0.325,-4.485,1,0.265,94.984,0.328,0.2953818181818181,0.92525,G
0bILU0UiNDmA5Ff6whhb2R,https://open.spotify.com/track/0bILU0UiNDmA5Ff6whhb2R,0.426,0.57,0.67,0.0,1.0,0.108,-6.519,1,0.0274,140.924,0.593,0.5042,0.89135,C#
0bJAmhSAeMSfsyazOEUVFf,https://open.spotify.com/track/0bJAmhSAeMSfsyazOEUVFf,0.404,0.53,0.571,0.0,7.0,0.385,-7.154,1,0.27,92.927,0.826,0.2860318181818182,0.8807666666666667,G
0bYg9bo50gSsH3LtXe2SQn,https://open.spotify.com/track/0bYg9bo50gSsH3LtXe2SQn,0.164,0.336,0.627,0.0,7.0,0.0708,-7.463,1,0.0384,150.273,0.35,0.5466954545454545,0.8756166666666666,G
0bkV1iQHSxBaksUqgEkcbc,https://open.spotify.com/track/0bkV1iQHSxBaksUqgEkcbc,0.103,0.472,0.551,0.0,5.0,0.345,-7.219,0,0.25,83.25,0.347,0.2420454545454545,0.8796833333333333,F
0cVyQfDyRnMJ0V3rjjdlU3,https://open.spotify.com/track/0cVyQfDyRnMJ0V3rjjdlU3,0.152,0.85,0.699,0.0,0.0,0.32,-3.292,1,0.0776,114.481,0.915,0.3840045454545454,0.9451333333333332,C
0cbVD7WpHVdHUKwoolzhCZ,https://open.spotify.com/track/0cbVD7WpHVdHUKwoolzhCZ,0.136,0.772,0.818,0.0,4.0,0.0519,-2.885,0,0.151,142.075,0.415,0.5094318181818182,0.9519166666666669,E
0cqRj7pUJDkTCEsJkx8snD,https://open.spotify.com/track/0cqRj7pUJDkTCEsJkx8snD,0.0647,0.647,0.8,0.0,7.0,0.334,-5.384,1,0.165,160.078,0.942,0.5912636363636363,0.9102666666666668,G
0dOg1ySSI7NkpAe89Zo0b9,https://open.spotify.com/track/0dOg1ySSI7NkpAe89Zo0b9,0.000373,0.398,0.952,7.75e-05,4.0,0.1,-6.042,1,0.061,122.093,0.584,0.4186045454545454,0.8993,E
0eBFgRxyVSeuT4iyrbukdn,https://open.spotify.com/track/0eBFgRxyVSeuT4iyrbukdn,0.0189,0.708,0.731,4.47e-06,3.0,0.129,-4.872,1,0.0345,116.975,0.379,0.3953409090909091,0.9188,D#
0eaVIYo2zeOaGJeqZ5TwYz,https://open.spotify.com/track/0eaVIYo2zeOaGJeqZ5TwYz,0.0714,0.328,0.631,0.0,5.0,0.567,-5.169,0,0.0465,85.26200000000001,0.382,0.2511909090909091,0.91385,F
0eeX8L0DWvGth1F6xVkvv7,https://open.spotify.com/track/0eeX8L0DWvGth1F6xVkvv7,0.169,0.786,0.854,2.39e-05,10.0,0.106,-2.4,0,0.0741,117.994,0.522,0.3999727272727272,0.96,A#
0fyP96TikhD9sM4eKqw5Yp,https://open.spotify.com/track/0fyP96TikhD9sM4eKqw5Yp,0.0657,0.753,0.837,0.0,5.0,0.151,-4.673,0,0.278,151.949,0.589,0.5543136363636364,0.9221166666666666,F
0g4fMVo4JjwnIpTfFfLdxS,https://open.spotify.com/track/0g4fMVo4JjwnIpTfFfLdxS,0.806,0.587,0.587,0.0,10.0,0.137,-9.879,1,0.0595,139.963,0.514,0.4998318181818181,0.83535,A#
0gWrMbx6pbdH3n3nsLjE55,https://open.spotify.com/track/0gWrMbx6pbdH3n3nsLjE55,0.0849,0.598,0.655,0.0,9.0,0.284,-4.568,1,0.0316,74.013,0.242,0.2000590909090909,0.9238666666666668,A
0giAhiU1PIrYKHRpKNp4XT,https://open.spotify.com/track/0giAhiU1PIrYKHRpKNp4XT,0.141,0.44,0.722,0.0,0.0,0.135,-5.832,1,0.217,126.163,0.358,0.4371045454545454,0.9028,C
0gucUyFMFRMlUiVn9US4YX,https://open.spotify.com/track/0gucUyFMFRMlUiVn9US4YX,0.0292,0.607,0.7600000000000001,0.0,0.0,0.146,-4.024,0,0.029,93.954,0.414,0.2906999999999999,0.9329333333333332,C
0hKtu53OlIFXVuYkZwcn3o,https://open.spotify.com/track/0hKtu53OlIFXVuYkZwcn3o,0.431,0.876,0.412,0.0,5.0,0.101,-7.740000000000001,0,0.0748,130.052,0.15,0.4547818181818181,0.871,F
0hL9gOw6XBWsygEUcVjxEc,https://open.spotify.com/track/0hL9gOw6XBWsygEUcVjxEc,0.0304999999999999,0.608,0.754,0.0,8.0,0.119,-5.277,1,0.0719,97.071,0.4549999999999999,0.3048681818181818,0.91205,G#
0hWCzWl04zT7P6vMy63XCN,https://open.spotify.com/track/0hWCzWl04zT7P6vMy63XCN,0.789,0.3739999999999999,0.448,0.0,9.0,0.118,-10.04,0,0.0364,114.108,0.3859999999999999,0.3823090909090909,0.8326666666666667,A
0hhzNPE68LWLfgZwdpxVdR,https://open.spotify.com/track/0hhzNPE68LWLfgZwdpxVdR,0.498,0.533,0.553,0.0,7.0,0.0911,-6.486,1,0.0296,102.043,0.391,0.3274681818181818,0.8919,G
0hvN2v6fAcB6xWyW7UaooA,https://open.spotify.com/track/0hvN2v6fAcB6xWyW7UaooA,0.897,0.478,0.341,0.0,5.0,0.258,-12.556,1,0.0511,143.736,0.474,0.5169818181818181,0.7907333333333334,F
0k88aN0xmk8Xn1zdnyTiPG,https://open.spotify.com/track/0k88aN0xmk8Xn1zdnyTiPG,0.000107,0.896,0.648,0.00826,8.0,0.105,-6.903,1,0.267,159.982,0.441,0.5908272727272728,0.88495,G#
0kE09o4Jdeu7vqjmkV1YJP,https://open.spotify.com/track/0kE09o4Jdeu7vqjmkV1YJP,0.00354,0.662,0.55,8.95e-06,0.0,0.4059999999999999,-5.816,1,0.0366,136.184,0.308,0.4826545454545454,0.9030666666666666,C
0l0vcZMU7AOeQmUIREoI2U,https://open.spotify.com/track/0l0vcZMU7AOeQmUIREoI2U,0.528,0.833,0.563,1.27e-05,4.0,0.139,-5.593,0,0.204,105.008,0.343,0.3409454545454545,0.9067833333333332,E
0lJNSfWnwJMIh94Dv9jQUt,https://open.spotify.com/track/0lJNSfWnwJMIh94Dv9jQUt,0.0908,0.478,0.906,0.0,10.0,0.145,-5.278,1,0.0819,169.98600000000002,0.552,0.6363000000000001,0.9120333333333334,A#
0lizgQ7Qw35od7CYaoMBZb,https://open.spotify.com/track/0lizgQ7Qw35od7CYaoMBZb,0.0489,0.525,0.621,0.0,7.0,0.291,-7.364000000000001,1,0.117,191.868,0.592,0.7357636363636363,0.8772666666666666,G
0lodMO0qK83vfPiiD7FMEt,https://open.spotify.com/track/0lodMO0qK83vfPiiD7FMEt,0.06,0.715,0.567,0.0,1.0,0.0655,-4.481,0,0.0865,160.098,0.332,0.5913545454545455,0.9253166666666668,C#
0mNzElhEofvgMWAJoOA4q9,https://open.spotify.com/track/0mNzElhEofvgMWAJoOA4q9,0.00191,0.582,0.909,0.0,11.0,0.308,-3.834,1,0.0342,119.033,0.868,0.4046954545454545,0.9361,B
0mflMxspEfB0VbI1kyLiAv,https://open.spotify.com/track/0mflMxspEfB0VbI1kyLiAv,0.799,0.664,0.5,0.0,9.0,0.0966,-6.934999999999999,1,0.0651,117.89600000000002,0.801,0.3995272727272728,0.8844166666666666,A
0nj9Bq5sHDiTxSHunhgkFb,https://open.spotify.com/track/0nj9Bq5sHDiTxSHunhgkFb,0.0206,0.874,0.672,0.0,0.0,0.0783,-5.568,1,0.198,103.921,0.711,0.3360045454545455,0.9072,C
0o3ua5ufFK7nfRzbDUNoGA,https://open.spotify.com/track/0o3ua5ufFK7nfRzbDUNoGA,0.397,0.513,0.73,0.0,9.0,0.113,-5.09,0,0.253,129.3,0.574,0.4513636363636364,0.9151666666666666,A
0oPdaY4dXtc3ZsaG17V972,https://open.spotify.com/track/0oPdaY4dXtc3ZsaG17V972,0.55,0.513,0.831,0.0,2.0,0.336,-9.004,1,0.0383,148.837,0.963,0.5401681818181817,0.8499333333333333,D
0ofHAoxe9vBkTCp2UQIavz,https://open.spotify.com/track/0ofHAoxe9vBkTCp2UQIavz,0.0644,0.828,0.492,0.00428,0.0,0.128,-9.744,1,0.0276,120.151,0.789,0.4097772727272727,0.8376,C
0p1hBWPaSxUDTSa32PyhnU,https://open.spotify.com/track/0p1hBWPaSxUDTSa32PyhnU,0.0633,0.75,0.677,0.0,11.0,0.297,-6.376,1,0.0386,127.933,0.626,0.44515,0.8937333333333334,B
0pdMOh52apEWAS1xELJY7Q,https://open.spotify.com/track/0pdMOh52apEWAS1xELJY7Q,0.554,0.487,0.4899999999999999,0.0,10.0,0.126,-9.373,0,0.0649,141.389,0.325,0.5063136363636364,0.8437833333333333,A#
0pvZCv4JOS5WBu7JITYef6,https://open.spotify.com/track/0pvZCv4JOS5WBu7JITYef6,0.294,0.621,0.596,5.53e-05,4.0,0.134,-4.35,1,0.0607,112.188,0.207,0.3735818181818182,0.9275,E
0qAIiGFKLdV1xpNlEhjpq8,https://open.spotify.com/track/0qAIiGFKLdV1xpNlEhjpq8,0.00463,0.633,0.889,0.000458,5.0,0.0658,-5.87,1,0.0715,121.956,0.584,0.4179818181818182,0.9021666666666668,F
0qRR9d89hIS0MHRkQ0ejxX,https://open.spotify.com/track/0qRR9d89hIS0MHRkQ0ejxX,0.461,0.573,0.683,0.0,5.0,0.0935,-6.644,1,0.176,169.519,0.817,0.6341772727272728,0.8892666666666666,F
0r75DNlHu4recmKUdZeMfG,https://open.spotify.com/track/0r75DNlHu4recmKUdZeMfG,0.00296,0.766,0.699,0.0,4.0,0.29,-7.214,0,0.299,144.974,0.36,0.5226090909090909,0.8797666666666667,E
0rDQZJtSGgsB2rdkObpdFa,https://open.spotify.com/track/0rDQZJtSGgsB2rdkObpdFa,0.0488,0.834,0.555,0.0,5.0,0.265,-7.902,0,0.1969999999999999,125.015,0.563,0.4318863636363636,0.8683,F
0rHToGels2lt8Y0mCYoF90,https://open.spotify.com/track/0rHToGels2lt8Y0mCYoF90,0.742,0.684,0.437,1.63e-05,9.0,0.224,-10.522,1,0.0491,107.607,0.964,0.3527590909090909,0.8246333333333333,A
0rKWJnmo6Q0ovoPOLoLm0t,https://open.spotify.com/track/0rKWJnmo6Q0ovoPOLoLm0t,0.264,0.753,0.719,0.0,10.0,0.154,-5.607,0,0.199,94.977,0.474,0.29535,0.90655,A#
0rtDE9zfXbamTlRUSwY7zy,https://open.spotify.com/track/0rtDE9zfXbamTlRUSwY7zy,0.4909999999999999,0.646,0.668,0.0,2.0,0.212,-5.203,1,0.0282,90.96999999999998,0.64,0.2771363636363635,0.9132833333333332,D
0ug5NqcwcFR2xrfTkc7k8e,https://open.spotify.com/track/0ug5NqcwcFR2xrfTkc7k8e,0.00245,0.588,0.791,0.00258,7.0,0.118,-5.595,1,0.0402,94.933,0.487,0.29515,0.90675,G
0vjeOZ3Ft5jvAi9SBFJm1j,https://open.spotify.com/track/0vjeOZ3Ft5jvAi9SBFJm1j,0.138,0.709,0.583,2.97e-06,5.0,0.195,-5.298,0,0.204,116.624,0.533,0.3937454545454545,0.9117,F
0w3Mfe4PIVjuFjJbe3OlYv,https://open.spotify.com/track/0w3Mfe4PIVjuFjJbe3OlYv,0.643,0.567,0.682,0.0,4.0,0.512,-6.423,1,0.274,79.043,0.668,0.2229227272727273,0.89295,E
0wQy2OO7jKjm0OOmA7gv3f,https://open.spotify.com/track/0wQy2OO7jKjm0OOmA7gv3f,0.0892,0.775,0.852,2.35e-05,11.0,0.823,-4.813,1,0.0528,118.561,0.836,0.40255,0.9197833333333332,B
0wgOhYnqZKjOHr6bmdz0aN,https://open.spotify.com/track/0wgOhYnqZKjOHr6bmdz0aN,0.22,0.719,0.555,0.0,2.0,0.127,-9.785,0,0.27,140.07,0.413,0.5003181818181818,0.8369166666666668,D
0xxZY5C9xxij3D1HkzbnfC,https://open.spotify.com/track/0xxZY5C9xxij3D1HkzbnfC,0.375,0.541,0.504,0.0,11.0,0.421,-14.191,0,0.457,68.482,0.707,0.1749181818181818,0.7634833333333333,B
0y5Ex8oQ8zCH5TQxHUy1Eo,https://open.spotify.com/track/0y5Ex8oQ8zCH5TQxHUy1Eo,0.353,0.663,0.675,0.0,11.0,0.21,-5.851,1,0.0321,128.942,0.4549999999999999,0.4497363636363636,0.9024833333333332,B
0yje3JVMgJNZENayymCTHA,https://open.spotify.com/track/0yje3JVMgJNZENayymCTHA,0.776,0.617,0.301,0.0,9.0,0.0914,-15.393,1,0.0292,111.527,0.664,0.3705772727272727,0.7434499999999999,A
0zo975x58DlXbZllWvfYhg,https://open.spotify.com/track/0zo975x58DlXbZllWvfYhg,0.168,0.524,0.759,0.0,2.0,0.104,-4.714,1,0.0470999999999999,77.879,0.234,0.2176318181818182,0.9214333333333332,D
102YUQbYmwdBXS7jwamI90,https://open.spotify.com/track/102YUQbYmwdBXS7jwamI90,0.329,0.758,0.759,3.96e-06,5.0,0.144,-5.315,1,0.0479,126.012,0.732,0.4364181818181818,0.9114166666666668,F
1197AvSs0lMg5kNIGaeENm,https://open.spotify.com/track/1197AvSs0lMg5kNIGaeENm,0.0301,0.71,0.736,0.0,2.0,0.137,-3.932,1,0.147,140.031,0.348,0.5001409090909091,0.9344666666666668,D
11pn4LFXCIXyprWQk8RSlM,https://open.spotify.com/track/11pn4LFXCIXyprWQk8RSlM,0.0185,0.613,0.797,0.0,7.0,0.279,-5.564,0,0.299,145.011,0.336,0.5227772727272727,0.9072666666666668,G
11xC6P3iKYpFThT6Ce1KdG,https://open.spotify.com/track/11xC6P3iKYpFThT6Ce1KdG,0.118,0.759,0.567,0.0278,2.0,0.105,-7.911,1,0.248,87.981,0.421,0.2635499999999999,0.86815,D
12nBPF4Rh4XLFJV0YLN7uj,https://open.spotify.com/track/12nBPF4Rh4XLFJV0YLN7uj,0.0972,0.524,0.611,0.0,1.0,0.127,-5.298,0,0.0297,133.583,0.126,0.4708318181818182,0.9117,C#
142PiXzA84lmEw2RstFHFa,https://open.spotify.com/track/142PiXzA84lmEw2RstFHFa,0.0969,0.58,0.714,0.0,8.0,0.16,-6.924,1,0.117,76.496,0.522,0.2113454545454545,0.8846,G#
149r4BNMXwFRWjPYcKNNgc,https://open.spotify.com/track/149r4BNMXwFRWjPYcKNNgc,0.0054899999999999,0.628,0.795,0.0,4.0,0.0954,-3.334,1,0.0271,111.99,0.8130000000000001,0.3726818181818181,0.9444333333333332,E
14kyXBpg91RVq8bNRDS1q2,https://open.spotify.com/track/14kyXBpg91RVq8bNRDS1q2,0.468,0.698,0.53,7.6e-06,9.0,0.313,-6.136,0,0.086,137.954,0.423,0.4907,0.8977333333333333,A
1560osUcXrnov6yuOjXvc1,https://open.spotify.com/track/1560osUcXrnov6yuOjXvc1,0.0771,0.8530000000000001,0.69,0.0,10.0,0.0835,-5.858,1,0.0647,125.95099999999998,0.4709999999999999,0.436140909090909,0.9023666666666668,A#
15qnOSRK5HMWOgL5HURhrc,https://open.spotify.com/track/15qnOSRK5HMWOgL5HURhrc,0.036,0.917,0.724,0.0,2.0,0.0787,-4.877,1,0.243,145.775,0.484,0.52625,0.9187166666666666,D
15sxLiiChE5dCW3Y756oas,https://open.spotify.com/track/15sxLiiChE5dCW3Y756oas,0.263,0.583,0.7120000000000001,1.02e-06,3.0,0.8169999999999998,-8.222,1,0.0537999999999999,128.911,0.614,0.4495954545454546,0.8629666666666667,D#
17IBDpAl3J39swaoPlfGpp,https://open.spotify.com/track/17IBDpAl3J39swaoPlfGpp,0.0144,0.702,0.71,0.0,5.0,0.144,-5.003,0,0.0459,158.129,0.282,0.5824045454545455,0.9166166666666666,F
17cia5k4BpGVlyEfqrFH50,https://open.spotify.com/track/17cia5k4BpGVlyEfqrFH50,0.834,0.409,0.347,4.55e-06,11.0,0.121,-8.159,0,0.0359,141.332,0.199,0.5060545454545454,0.8640166666666667,B
17phhZDn6oGtzMe56NuWvj,https://open.spotify.com/track/17phhZDn6oGtzMe56NuWvj,0.199,0.561,0.604,1.9e-05,9.0,0.104,-4.409,1,0.0337,159.92,0.242,0.5905454545454545,0.9265166666666668,A
180AbZduI6bYQIzwCHRwu9,https://open.spotify.com/track/180AbZduI6bYQIzwCHRwu9,0.498,0.726,0.624,0.0294,2.0,0.0909,-7.799,0,0.0277,114.99,0.573,0.3863181818181818,0.8700166666666667,D
18WFFUIsewmA8g31KAeo3e,https://open.spotify.com/track/18WFFUIsewmA8g31KAeo3e,0.825,0.421,0.525,2.67e-06,10.0,0.3079999999999999,-10.359,1,0.0472,167.927,0.535,0.626940909090909,0.8273499999999999,A#
19KajOu6WplvTQLUTjoDNs,unknown_href,0.2751393934602076,0.6354256055363322,0.6118322952710495,0.0142921726182237,5.047289504036909,0.1917657439446366,-7.028305651672434,0,0.1090111880046136,122.29604152249134,0.4638054209919262,0.4195274614658697,0.8828615724721262,C
19RybK6XDbAVpcdxSbZL1o,https://open.spotify.com/track/19RybK6XDbAVpcdxSbZL1o,0.125,0.804,0.957,0.0174,0.0,0.114,-5.451999999999999,1,0.034,126.035,0.962,0.4365227272727273,0.9091333333333332,C
19XpFsce28aByvCC4g89tJ,https://open.spotify.com/track/19XpFsce28aByvCC4g89tJ,0.041,0.74,0.643,0.00229,10.0,0.0407,-5.446,1,0.0413,117.025,0.96,0.3955681818181818,0.9092333333333332,A#
1ACA277B6f46DYCgZW8di3,https://open.spotify.com/track/1ACA277B6f46DYCgZW8di3,0.541,0.535,0.622,0.0209,8.0,0.4019999999999999,-5.771,1,0.0593,143.533,0.457,0.5160590909090909,0.9038166666666666,G#
1BxfuPKGuaTgP7aM0Bbdwr,https://open.spotify.com/track/1BxfuPKGuaTgP7aM0Bbdwr,0.117,0.552,0.702,2.0600000000000003e-05,9.0,0.105,-5.707000000000001,1,0.157,169.994,0.564,0.6363363636363636,0.9048833333333334,A
1C7lXfx4Y5maVl4AgUVlHA,https://open.spotify.com/track/1C7lXfx4Y5maVl4AgUVlHA,0.317,0.541,0.796,0.0,7.0,0.193,-5.177,1,0.347,85.205,0.469,0.2509318181818182,0.9137166666666666,G
1C84d9abZVKWHT2YYpoean,https://open.spotify.com/track/1C84d9abZVKWHT2YYpoean,0.445,0.786,0.786,2.12e-06,4.0,0.0947,-6.372,0,0.0512,100.123,0.611,0.3187409090909091,0.8938,E
1CsMKhwEmNnmvHUuO5nryA,https://open.spotify.com/track/1CsMKhwEmNnmvHUuO5nryA,0.693,0.251,0.252,0.00706,9.0,0.0968,-14.478,1,0.0375,69.988,0.0395,0.1817636363636363,0.7586999999999999,A
1DAibqbopEYULPEtE8WHTE,https://open.spotify.com/track/1DAibqbopEYULPEtE8WHTE,0.0506,0.832,0.555,0.0,10.0,0.213,-7.766,0,0.116,95.618,0.473,0.2982636363636363,0.8705666666666667,A#
1DTRUYVd8rYpla9hhVVwjo,https://open.spotify.com/track/1DTRUYVd8rYpla9hhVVwjo,0.901,0.509,0.256,2.43e-06,0.0,0.103,-11.665,1,0.0306,94.184,0.436,0.2917454545454545,0.8055833333333333,C
1DgtQlVNotingln271ZKCx,unknown_href,0.2751393934602076,0.6354256055363322,0.6118322952710495,0.0142921726182237,5.047289504036909,0.1917657439446366,-7.028305651672434,0,0.1090111880046136,122.29604152249134,0.4638054209919262,0.4195274614658697,0.8828615724721262,C
1EDPVGbyPKJPeGqATwXZvN,https://open.spotify.com/track/1EDPVGbyPKJPeGqATwXZvN,0.0156,0.466,0.872,0.0,7.0,0.121,-3.344,1,0.0336,184.115,0.806,0.7005227272727274,0.9442666666666668,G
1GP8VW5Wk2w2obkWjGCGXd,unknown_href,0.2751393934602076,0.6354256055363322,0.6118322952710495,0.0142921726182237,5.047289504036909,0.1917657439446366,-7.028305651672434,0,0.1090111880046136,122.29604152249134,0.4638054209919262,0.4195274614658697,0.8828615724721262,C
1H6DXcgaTNlR9aNPjtzsjX,https://open.spotify.com/track/1H6DXcgaTNlR9aNPjtzsjX,0.993,0.626,0.153,0.941,5.0,0.157,-18.026,0,0.0589,114.259,0.327,0.3829954545454545,0.6995666666666668,F
1HCdems7PQZRj42QDWLA0A,https://open.spotify.com/track/1HCdems7PQZRj42QDWLA0A,0.332,0.629,0.578,0.0,3.0,0.0868,-5.806,1,0.0319,142.887,0.651,0.5131227272727272,0.9032333333333332,D#
1HbnEez5NNZHyPU9jQKfR5,https://open.spotify.com/track/1HbnEez5NNZHyPU9jQKfR5,0.0708,0.721,0.521,0.00545,2.0,0.127,-8.123,1,0.0613,123.118,0.942,0.4232636363636363,0.8646166666666667,D
1HwDRgozGBMyfJTQUfz09A,https://open.spotify.com/track/1HwDRgozGBMyfJTQUfz09A,0.718,0.494,0.328,2.91e-06,6.0,0.0744,-8.553,1,0.034,121.834,0.206,0.4174272727272727,0.85745,F#
1Iq8oo9XkmmvCQiGOfORiz,https://open.spotify.com/track/1Iq8oo9XkmmvCQiGOfORiz,0.0486,0.599,0.651,0.0,0.0,0.126,-7.343000000000001,1,0.035,100.001,0.153,0.3181863636363636,0.8776166666666666,C
1IzCS4zuowRsXu4YS8caOB,https://open.spotify.com/track/1IzCS4zuowRsXu4YS8caOB,0.0252,0.502,0.707,0.0,7.0,0.3739999999999999,-4.894,1,0.0268,78.984,0.447,0.2226545454545454,0.9184333333333332,G
1K39ty6o1sHwwlZwO6a7wK,https://open.spotify.com/track/1K39ty6o1sHwwlZwO6a7wK,0.0348,0.587,0.663,9.95e-05,8.0,0.0971,-7.439000000000001,1,0.0598,139.993,0.539,0.4999681818181818,0.8760166666666667,G#
1KL0yUBT1U2PfVUWIhWL7l,unknown_href,0.2751393934602076,0.6354256055363322,0.6118322952710495,0.0142921726182237,5.047289504036909,0.1917657439446366,-7.028305651672434,0,0.1090111880046136,122.29604152249134,0.4638054209919262,0.4195274614658697,0.8828615724721262,C
1L0OmJV0LnPDWuHCIGmBV6,https://open.spotify.com/track/1L0OmJV0LnPDWuHCIGmBV6,0.108,0.615,0.632,0.0,1.0,0.129,-8.539,1,0.292,150.126,0.194,0.5460272727272727,0.8576833333333334,C#
1LAlLBTGBUO0MDA8IbSysd,https://open.spotify.com/track/1LAlLBTGBUO0MDA8IbSysd,0.00992,0.363,0.891,0.00183,5.0,0.134,-5.563,0,0.0978,95.089,0.331,0.2958590909090909,0.9072833333333332,F
1LLUoftvmTjVNBHZoQyveF,https://open.spotify.com/track/1LLUoftvmTjVNBHZoQyveF,0.243,0.857,0.386,0.0931,1.0,0.111,-9.761,1,0.168,125.01699999999998,0.6610000000000001,0.4318954545454544,0.8373166666666667,C#
1LSWDkZxVngIpfjvMs6Q56,https://open.spotify.com/track/1LSWDkZxVngIpfjvMs6Q56,0.202,0.618,0.651,0.0,2.0,0.237,-9.662,1,0.0822,74.548,0.656,0.2024909090909091,0.8389666666666666,D
1LmkdWSxjCV7wKTPsCvYWN,https://open.spotify.com/track/1LmkdWSxjCV7wKTPsCvYWN,0.839,0.528,0.281,0.0,2.0,0.0873,-9.784,1,0.037,127.617,0.514,0.4437136363636363,0.8369333333333333,D
1Lo0QY9cvc8sUB2vnIOxDT,https://open.spotify.com/track/1Lo0QY9cvc8sUB2vnIOxDT,0.1859999999999999,0.7119999999999999,0.603,0.0,8.0,0.115,-5.52,1,0.0262,97.994,0.67,0.3090636363636364,0.908,G#
1ODFVLQszq0hCOdZtqV5wq,https://open.spotify.com/track/1ODFVLQszq0hCOdZtqV5wq,0.188,0.805,0.612,1.96e-05,8.0,0.134,-5.682,0,0.172,126.013,0.425,0.4364227272727273,0.9053,G#
1OFgEELgwfTOt3WcBuOPxk,https://open.spotify.com/track/1OFgEELgwfTOt3WcBuOPxk,0.113,0.787,0.6789999999999999,0.0,10.0,0.324,-7.031,0,0.215,120.153,0.425,0.4097863636363636,0.8828166666666667,A#
1PH2MDbcBAU094DlgTIND1,https://open.spotify.com/track/1PH2MDbcBAU094DlgTIND1,0.254,0.657,0.553,0.0,10.0,0.129,-7.08,0,0.0394,134.925,0.576,0.4769318181818182,0.882,A#
1PIgY9ybyFT9uWLM5POYGY,https://open.spotify.com/track/1PIgY9ybyFT9uWLM5POYGY,0.543,0.572,0.406,0.0,0.0,0.0982,-10.081,0,0.308,125.019,0.226,0.4319045454545455,0.8319833333333333,C
1QoyuMHNBe7lg3YW4Qtll4,https://open.spotify.com/track/1QoyuMHNBe7lg3YW4Qtll4,0.357,0.5759999999999998,0.884,0.0,0.0,0.368,-5.058,1,0.555,150.45,0.373,0.5475,0.9157,C
1Qrg8KqiBpW07V7PNxwwwL,https://open.spotify.com/track/1Qrg8KqiBpW07V7PNxwwwL,0.0521,0.644,0.735,0.144,8.0,0.161,-5.747,1,0.0391,88.98,0.418,0.2680909090909091,0.9042166666666668,G#
1R0a2iXumgCiFb7HEZ7gUE,https://open.spotify.com/track/1R0a2iXumgCiFb7HEZ7gUE,0.106,0.615,0.534,1.76e-05,9.0,0.0607,-6.719,0,0.0386,135.917,0.1929999999999999,0.4814409090909091,0.8880166666666667,A
1Rweq7vNjK4kZBbGrmxQsl,https://open.spotify.com/track/1Rweq7vNjK4kZBbGrmxQsl,0.204,0.606,0.645,0.0,2.0,0.14,-4.835,0,0.0333,110.016,0.453,0.3637090909090909,0.9194166666666668,D
1SGvjfc85yzqKXsfKcCxn2,https://open.spotify.com/track/1SGvjfc85yzqKXsfKcCxn2,0.27,0.704,0.647,0.0,9.0,0.109,-7.664,1,0.325,80.998,0.585,0.2318090909090909,0.8722666666666666,A
1SRw5p2lVAi7RGlHEmZg66,https://open.spotify.com/track/1SRw5p2lVAi7RGlHEmZg66,0.276,0.813,0.381,0.0,2.0,0.0985,-9.339,1,0.0494,116.028,0.434,0.3910363636363637,0.84435,D
1SV1fxF65n9NhRHp3KlBuu,https://open.spotify.com/track/1SV1fxF65n9NhRHp3KlBuu,0.322,0.7729999999999999,0.511,0.0,11.0,0.0672,-8.914,1,0.0324,94.711,0.7750000000000001,0.294140909090909,0.8514333333333333,B
1SjsVdSXpwm1kTdYEHoPIT,https://open.spotify.com/track/1SjsVdSXpwm1kTdYEHoPIT,0.593,0.505,0.27,0.0,9.0,0.133,-9.165,0,0.0333,98.721,0.557,0.3123681818181818,0.8472500000000001,A
1U3A66OHQyTu4N2QTMsP86,https://open.spotify.com/track/1U3A66OHQyTu4N2QTMsP86,0.325,0.778,0.555,0.0,6.0,0.111,-5.473,0,0.231,143.916,0.271,0.5178,0.9087833333333334,F#
1UHS8Rf6h5Ar3CDWRd3wjF,https://open.spotify.com/track/1UHS8Rf6h5Ar3CDWRd3wjF,0.0678,0.739,0.727,0.0,11.0,0.104,-5.968,0,0.0426,94.99,0.676,0.2954090909090909,0.9005333333333333,B
1UP7PXne1lIYZB5G5aiRGL,https://open.spotify.com/track/1UP7PXne1lIYZB5G5aiRGL,0.497,0.533,0.355,0.0,8.0,0.174,-6.132,1,0.0289,137.986,0.256,0.4908454545454545,0.8978,G#
1VuAamHM7P3VQQEXYGG3Uu,https://open.spotify.com/track/1VuAamHM7P3VQQEXYGG3Uu,0.818,0.553,0.337,0.0,10.0,0.113,-10.334,1,0.0303,102.213,0.664,0.3282409090909091,0.8277666666666667,A#
1WTdZjiHI4vYnENXLn69x0,https://open.spotify.com/track/1WTdZjiHI4vYnENXLn69x0,0.87,0.553,0.202,0.000981,8.0,0.154,-14.446,1,0.205,157.579,0.145,0.5799045454545455,0.7592333333333333,G#
1Wf14bTyb6UeKojy8ykPYm,https://open.spotify.com/track/1Wf14bTyb6UeKojy8ykPYm,0.825,0.462,0.402,0.0,0.0,0.189,-13.792,1,0.0353,148.956,0.7,0.5407090909090908,0.7701333333333333,C
1XBYiRV30ykHw5f4wm6qEn,https://open.spotify.com/track/1XBYiRV30ykHw5f4wm6qEn,0.0137,0.482,0.757,0.0016,6.0,0.143,-4.586,1,0.0355,142.579,0.12,0.5117227272727273,0.9235666666666666,F#
1Y7vNzQrybb2ICYKmbOfdt,https://open.spotify.com/track/1Y7vNzQrybb2ICYKmbOfdt,0.539,0.674,0.602,1.69e-06,7.0,0.0906,-7.866,1,0.224,123.943,0.533,0.4270136363636364,0.8689,G
1YYhDizHx7PnDhAhko6cDS,https://open.spotify.com/track/1YYhDizHx7PnDhAhko6cDS,0.758,0.462,0.395,0.0,9.0,0.121,-9.376,1,0.0264,82.259,0.625,0.237540909090909,0.8437333333333333,A
1YdtGoSYDvVQKoUqSDXX41,https://open.spotify.com/track/1YdtGoSYDvVQKoUqSDXX41,0.523,0.38,0.784,0.000139,1.0,0.494,-6.004,1,0.299,82.318,0.418,0.2378090909090909,0.8999333333333334,C#
1YnChEM51BVZ5dRhbVFEMl,https://open.spotify.com/track/1YnChEM51BVZ5dRhbVFEMl,0.268,0.706,0.566,1.02e-06,6.0,0.111,-6.441,0,0.126,125.876,0.23,0.4358,0.8926499999999999,F#
1Zai5UJ2di3qEuR2HeT2s8,https://open.spotify.com/track/1Zai5UJ2di3qEuR2HeT2s8,0.69,0.763,0.274,0.0,1.0,0.164,-11.429,0,0.0738,90.796,0.385,0.2763454545454545,0.8095166666666667,C#
1a73gcEg6h6Re6hHXoVltJ,https://open.spotify.com/track/1a73gcEg6h6Re6hHXoVltJ,0.0173,0.9300000000000002,0.435,0.000287,11.0,0.117,-6.694,1,0.202,144.978,0.227,0.5226272727272727,0.8884333333333333,B
1aKvZDoLGkNMxoRYgkckZG,https://open.spotify.com/track/1aKvZDoLGkNMxoRYgkckZG,0.257,0.797,0.668,0.0,6.0,0.0876,-5.819,1,0.0687,131.067,0.69,0.4593954545454545,0.9030166666666666,F#
1agDCV4zQqaFwJQNsTgmL1,https://open.spotify.com/track/1agDCV4zQqaFwJQNsTgmL1,0.0366,0.79,0.915,0.0,4.0,0.0785,-2.251,1,0.146,97.47,0.726,0.3066818181818181,0.9624833333333334,E
1bDbXMyjaUIooNwFE9wn0N,https://open.spotify.com/track/1bDbXMyjaUIooNwFE9wn0N,0.0517,0.549,0.518,1.21e-06,4.0,0.378,-9.39,0,0.257,160.07,0.418,0.5912272727272727,0.8435,E
1bIHv5s0rByq6ZOqDSt8K8,https://open.spotify.com/track/1bIHv5s0rByq6ZOqDSt8K8,0.00234,0.565,0.712,0.0,3.0,0.186,-4.012,0,0.0301,138.124,0.22,0.4914727272727272,0.9331333333333334,D#
1cOboCuWYI2osTOfolMRS6,https://open.spotify.com/track/1cOboCuWYI2osTOfolMRS6,0.496,0.694,0.651,1.36e-05,6.0,0.0787,-6.968,1,0.0784,112.648,0.471,0.3756727272727272,0.8838666666666666,F#
1d966178PJg6b4kcXqoYF3,https://open.spotify.com/track/1d966178PJg6b4kcXqoYF3,0.0232,0.761,0.806,1.66e-05,1.0,0.277,-4.926,1,0.174,142.908,0.381,0.5132181818181818,0.9179,C#
1dGr1c8CrMLDpV6mPbImSI,https://open.spotify.com/track/1dGr1c8CrMLDpV6mPbImSI,0.492,0.359,0.543,1.58e-05,7.0,0.118,-7.582,1,0.0919,68.534,0.453,0.1751545454545454,0.8736333333333334,G
1dHtMSJ1Ozg2Ja6GX4McAO,https://open.spotify.com/track/1dHtMSJ1Ozg2Ja6GX4McAO,0.593,0.709,0.38,0.0,2.0,0.121,-9.731,1,0.0342,107.901,0.493,0.3540954545454545,0.8378166666666667,D
1dgWTMoHwTUnQhOQ8SR5fV,https://open.spotify.com/track/1dgWTMoHwTUnQhOQ8SR5fV,0.0476,0.782,0.589,5.840000000000001e-06,0.0,0.0366,-7.37,1,0.0803,85.022,0.8489999999999999,0.2501,0.8771666666666668,C
1fDsrQ23eTAVFElUMaf38X,https://open.spotify.com/track/1fDsrQ23eTAVFElUMaf38X,0.6999999999999998,0.529,0.482,0.0,4.0,0.0842,-11.708999999999998,0,0.0599,138.453,0.492,0.4929681818181818,0.8048500000000001,E
1fKT7RUtOf4xNEqctEFe5L,https://open.spotify.com/track/1fKT7RUtOf4xNEqctEFe5L,0.322,0.759,0.727,0.0,6.0,0.194,-7.675,0,0.38,74.936,0.809,0.2042545454545455,0.8720833333333334,F#
1fXnu2HzxbDtoyvFPWG3Bw,https://open.spotify.com/track/1fXnu2HzxbDtoyvFPWG3Bw,0.0105,0.71,0.701,0.0,11.0,0.178,-5.415,1,0.0317,134.039,0.564,0.4729045454545454,0.90975,B
1foCxQtxBweJtZmdxhEHVO,https://open.spotify.com/track/1foCxQtxBweJtZmdxhEHVO,0.902,0.7,0.139,0.0,8.0,0.185,-12.346000000000002,1,0.0607,84.485,0.49,0.2476590909090909,0.7942333333333332,G#
1fvC3CmNAbsx0V9ULMU8NB,https://open.spotify.com/track/1fvC3CmNAbsx0V9ULMU8NB,0.41,0.576,0.683,0.0,7.0,0.0819,-5.103,1,0.1179999999999999,151.566,0.4329999999999999,0.5525727272727273,0.91495,G
1h0rVgfuKa6V9DkVSLAc4Q,https://open.spotify.com/track/1h0rVgfuKa6V9DkVSLAc4Q,0.125,0.742,0.543,0.0,8.0,0.237,-8.77,0,0.211,129.091,0.407,0.4504136363636364,0.8538333333333334,G#
1hR8BSuEqPCCZfv93zzzz9,https://open.spotify.com/track/1hR8BSuEqPCCZfv93zzzz9,0.00661,0.76,0.602,0.000133,7.0,0.325,-4.871,1,0.0316,116.989,0.685,0.3954045454545454,0.9188166666666666,G
1haJsMtoBhHfvuM7XWuT3W,https://open.spotify.com/track/1haJsMtoBhHfvuM7XWuT3W,0.232,0.561,0.643,8.45e-06,0.0,0.0986,-7.118,1,0.054,143.907,0.842,0.517759090909091,0.8813666666666666,C
1hjRhYpWyqDpPahmSlUTlc,https://open.spotify.com/track/1hjRhYpWyqDpPahmSlUTlc,0.000456,0.514,0.821,0.0232,7.0,0.0946,-4.803,1,0.0444,94.884,0.298,0.2949272727272727,0.91995,G
1i9lZvlaDdWDPyXEE95aiq,https://open.spotify.com/track/1i9lZvlaDdWDPyXEE95aiq,0.575,0.458,0.535,0.0,5.0,0.168,-4.854,0,0.0281,82.826,0.216,0.2401181818181818,0.9191,F
1k1Bqnv2R0uJXQN4u6LKYt,https://open.spotify.com/track/1k1Bqnv2R0uJXQN4u6LKYt,0.457,0.527,0.415,1.72e-05,4.0,0.117,-11.451,0,0.122,78.169,0.515,0.2189499999999999,0.80915,E
1k2pQc5i348DCHwbn5KTdc,https://open.spotify.com/track/1k2pQc5i348DCHwbn5KTdc,0.399,0.61,0.65,0.0,6.0,0.11,-6.199,1,0.0474,106.719,0.507,0.3487227272727272,0.8966833333333334,F#
1kbEbBdEgQdQeLXCJh28pJ,https://open.spotify.com/track/1kbEbBdEgQdQeLXCJh28pJ,0.56,0.541,0.366,1e-06,11.0,0.0945999999999999,-10.412,1,0.0748,159.707,0.168,0.5895772727272727,0.8264666666666667,B
1kcwpPDQnqEqmezzXdJTCP,https://open.spotify.com/track/1kcwpPDQnqEqmezzXdJTCP,0.608,0.784,0.391,0.0,9.0,0.252,-9.471,1,0.0633,110.007,0.15,0.3636681818181818,0.84215,A
1kuGVB7EU95pJObxwvfwKS,https://open.spotify.com/track/1kuGVB7EU95pJObxwvfwKS,0.154,0.484,0.53,0.0,5.0,0.263,-5.821,1,0.0538,136.848,0.323,0.4856727272727273,0.9029833333333334,F
1lbjDy6IIerHFGZWKG0hno,https://open.spotify.com/track/1lbjDy6IIerHFGZWKG0hno,0.958,0.13,0.0986,0.785,6.0,0.13,-25.793,0,0.0402,87.797,0.0904,0.2627136363636363,0.5701166666666667,F#
1mMLMZYXkMueg65jRRWG1l,https://open.spotify.com/track/1mMLMZYXkMueg65jRRWG1l,0.013,0.551,0.801,6.029999999999999e-06,6.0,0.265,-5.069,1,0.0303,128.027,0.625,0.4455772727272726,0.9155166666666666,F#
1mjAD7IYvI5UGiB7WnppMf,https://open.spotify.com/track/1mjAD7IYvI5UGiB7WnppMf,0.845,0.502,0.391,0.0,4.0,0.112,-9.013,1,0.0428,132.819,0.574,0.4673590909090908,0.8497833333333333,E
1oNaDXXu9I4UCJ8Fh0Hfjg,https://open.spotify.com/track/1oNaDXXu9I4UCJ8Fh0Hfjg,0.188,0.8309999999999998,0.692,0.0,1.0,0.079,-5.869,1,0.0873,107.009,0.629,0.350040909090909,0.9021833333333332,C#
1olWQ1LOUYs4VBwx5N8Lz9,https://open.spotify.com/track/1olWQ1LOUYs4VBwx5N8Lz9,0.844,0.534,0.409,0.000656,7.0,0.115,-9.559,1,0.0378,127.357,0.243,0.4425318181818182,0.8406833333333333,G
1pDbGAAH5GQ8U0KG4fI77H,https://open.spotify.com/track/1pDbGAAH5GQ8U0KG4fI77H,0.0268,0.619,0.606,0.0,1.0,0.375,-4.252,1,0.0784,140.023,0.0669,0.5001045454545454,0.9291333333333331,C#
1qIwin7JMVuX70qN6wD8ww,https://open.spotify.com/track/1qIwin7JMVuX70qN6wD8ww,0.0264,0.783,0.723,0.0,1.0,0.159,-4.881,1,0.135,139.942,0.294,0.4997363636363636,0.91865,C#
1rmEsOezwf2lmIZTMAO5Ag,https://open.spotify.com/track/1rmEsOezwf2lmIZTMAO5Ag,0.78,0.516,0.451,0.0,0.0,0.105,-8.552,1,0.0446,70.266,0.218,0.1830272727272727,0.8574666666666667,C
1sUdq3kWa9dJXHu3eYOUll,https://open.spotify.com/track/1sUdq3kWa9dJXHu3eYOUll,0.0027,0.772,0.788,0.000583,9.0,0.353,-5.414,0,0.0619,127.91,0.574,0.4450454545454545,0.9097666666666666,A
1sqXfPaRD7npnH712RZQAF,https://open.spotify.com/track/1sqXfPaRD7npnH712RZQAF,0.0107999999999999,0.621,0.7920000000000001,0.0,9.0,0.272,-2.6779999999999995,1,0.0309,116.967,0.69,0.3953045454545454,0.9553666666666668,A
1tTKy8pW1dMaXJm7bYrSzA,https://open.spotify.com/track/1tTKy8pW1dMaXJm7bYrSzA,0.194,0.535,0.726,0.0,4.0,0.311,-6.515,0,0.386,77.238,0.471,0.2147181818181818,0.8914166666666666,E
1tuNqJOtRQVHvONR8Lg3MZ,https://open.spotify.com/track/1tuNqJOtRQVHvONR8Lg3MZ,0.422,0.64,0.421,0.0,0.0,0.103,-8.802,1,0.0273,100.056,0.353,0.3184363636363636,0.8533000000000001,C
1u2Fe70Qm9VFCIMPWFlfc1,unknown_href,0.2751393934602076,0.6354256055363322,0.6118322952710495,0.0142921726182237,5.047289504036909,0.1917657439446366,-7.028305651672434,0,0.1090111880046136,122.29604152249134,0.4638054209919262,0.4195274614658697,0.8828615724721262,C
1u8c2t2Cy7UBoG4ArRcF5g,https://open.spotify.com/track/1u8c2t2Cy7UBoG4ArRcF5g,0.103,0.76,0.703,0.0,5.0,0.0913,-5.412,1,0.0539999999999999,95.997,0.57,0.2999863636363636,0.9098,F
1udwFobQ1JoOdWPQrp2b6u,https://open.spotify.com/track/1udwFobQ1JoOdWPQrp2b6u,0.164,0.574,0.567,0.0,7.0,0.258,-7.126,0,0.465,75.965,0.526,0.2089318181818182,0.8812333333333334,G
1vYXt7VSjH9JIM5oRRo7vA,https://open.spotify.com/track/1vYXt7VSjH9JIM5oRRo7vA,0.0207,0.671,0.845,0.0,11.0,0.329,-4.93,0,0.048,110.056,0.775,0.3638909090909091,0.9178333333333334,B
1wFFFzJ5EsKbBWZriAcubN,https://open.spotify.com/track/1wFFFzJ5EsKbBWZriAcubN,0.0047,0.527,0.492,0.0,1.0,0.306,-9.774,1,0.279,164.005,0.234,0.6091136363636364,0.8371,C#
1xK59OXxi2TAAAbmZK0kBL,https://open.spotify.com/track/1xK59OXxi2TAAAbmZK0kBL,0.453,0.571,0.544,0.00805,6.0,0.322,-10.613,1,0.0298999999999999,132.052,0.216,0.4638727272727272,0.8231166666666667,F#
1xmvq1fYLs9TEgikaFilGW,https://open.spotify.com/track/1xmvq1fYLs9TEgikaFilGW,0.0768,0.588,0.826,0.0,11.0,0.327,-3.733,0,0.0485,145.825,0.648,0.5264772727272726,0.9377833333333334,B
1xtw1krCR6Dw2KwkXw5z63,https://open.spotify.com/track/1xtw1krCR6Dw2KwkXw5z63,0.52,0.426,0.41,0.0,10.0,0.338,-9.083,1,0.0581,142.377,0.263,0.5108045454545455,0.8486166666666667,A#
1xwvjqcwflD2NEqRCNcCo2,https://open.spotify.com/track/1xwvjqcwflD2NEqRCNcCo2,0.373,0.81,0.587,0.0,5.0,0.116,-6.336,0,0.287,147.925,0.628,0.5360227272727274,0.8944,F
1yeB8MUNeLo9Ek1UEpsyz6,https://open.spotify.com/track/1yeB8MUNeLo9Ek1UEpsyz6,0.0458,0.636,0.729,0.0,2.0,0.384,-4.495,1,0.055,146.009,0.141,0.5273136363636363,0.9250833333333334,D
1yfKakY4rvI17lk20ekuRA,https://open.spotify.com/track/1yfKakY4rvI17lk20ekuRA,0.0527,0.793,0.492,0.0,9.0,0.0646,-8.583,0,0.0772,86.978,0.198,0.258990909090909,0.85695,A
1ymWIr4E5x6xORlDO0bXlP,https://open.spotify.com/track/1ymWIr4E5x6xORlDO0bXlP,0.263,0.667,0.66,0.0,10.0,0.145,-9.054,0,0.148,139.117,0.216,0.4959863636363636,0.8491,A#
1zU8j1x3yi9xalMF96pzKp,https://open.spotify.com/track/1zU8j1x3yi9xalMF96pzKp,0.0327,0.379,0.468,0.0,4.0,0.158,-5.07,1,0.0298,119.447,0.115,0.4065772727272727,0.9155,E
20hTkA9oKKuxghkRptRczS,https://open.spotify.com/track/20hTkA9oKKuxghkRptRczS,0.00119,0.472,0.777,0.0,11.0,0.0841,-5.0,1,0.0301999999999999,79.036,0.484,0.222890909090909,0.9166666666666666,B
21B4gaTWnTkuSh77iWEXdS,https://open.spotify.com/track/21B4gaTWnTkuSh77iWEXdS,0.0461,0.633,0.725,0.0,5.0,0.2049999999999999,-4.257,1,0.0427,130.504,0.64,0.4568363636363636,0.92905,F
21IYMdzTrzSe191Cy5eMap,https://open.spotify.com/track/21IYMdzTrzSe191Cy5eMap,0.627,0.499,0.392,7.1e-05,11.0,0.192,-10.441,1,0.0262,95.076,0.272,0.2957999999999999,0.8259833333333333,B
21LCotDEwR7R8qOnqPVzi9,https://open.spotify.com/track/21LCotDEwR7R8qOnqPVzi9,0.392,0.823,0.829,0.0,3.0,0.543,-5.524,0,0.292,80.538,0.6,0.2297181818181818,0.9079333333333334,D#
22DH8NChecsgPxDjA4pqer,https://open.spotify.com/track/22DH8NChecsgPxDjA4pqer,0.452,0.582,0.557,1.87e-05,8.0,0.121,-7.981,0,0.101,84.989,0.211,0.24995,0.8669833333333333,G#
22VHOlVYBqytsrAqV8yXBK,https://open.spotify.com/track/22VHOlVYBqytsrAqV8yXBK,0.124,0.669,0.606,0.0,8.0,0.112,-7.193,1,0.0292,112.108,0.69,0.3732181818181818,0.8801166666666667,G#
23d8v6tU6lR77pFKsApMtF,https://open.spotify.com/track/23d8v6tU6lR77pFKsApMtF,0.572,0.529,0.711,0.0,11.0,0.0799,-5.016,0,0.0669,170.305,0.582,0.63775,0.9164,B
24FUBxaAYSBlWsbSnEzDcn,https://open.spotify.com/track/24FUBxaAYSBlWsbSnEzDcn,0.2449999999999999,0.647,0.34,0.0,2.0,0.107,-8.795,0,0.0496,91.998,0.176,0.2818090909090909,0.8534166666666666,D
25leEEaz1gIpp7o21Fqyjo,https://open.spotify.com/track/25leEEaz1gIpp7o21Fqyjo,0.799,0.834,0.371,0.0,1.0,0.275,-11.99,1,0.0358,96.628,0.976,0.3028545454545454,0.8001666666666666,C#
25uMKq5kygC2woAfeetEfE,https://open.spotify.com/track/25uMKq5kygC2woAfeetEfE,0.108,0.287,0.782,0.0,10.0,0.0825,-2.974,1,0.0439,154.154,0.471,0.5643363636363636,0.9504333333333332,A#
26QLJMK8G0M06sk7h7Fkse,https://open.spotify.com/track/26QLJMK8G0M06sk7h7Fkse,0.00341,0.517,0.821,0.0,9.0,0.148,-3.504,1,0.105,160.052,0.617,0.5911454545454545,0.9416,A
27RYrbL6S02LNVhDWVl38b,https://open.spotify.com/track/27RYrbL6S02LNVhDWVl38b,0.28,0.321,0.64,0.0,2.0,0.718,-10.023,1,0.0324,146.172,0.414,0.5280545454545454,0.8329500000000001,D
28Lte4A9tGMOoF6Idk3GCl,unknown_href,0.2751393934602076,0.6354256055363322,0.6118322952710495,0.0142921726182237,5.047289504036909,0.1917657439446366,-7.028305651672434,0,0.1090111880046136,122.29604152249134,0.4638054209919262,0.4195274614658697,0.8828615724721262,C
28drn6tQo95MRvO0jQEo5C,https://open.spotify.com/track/28drn6tQo95MRvO0jQEo5C,0.0215,0.64,0.552,0.0,2.0,0.119,-5.679,1,0.129,144.941,0.1119999999999999,0.5224590909090909,0.90535,D
28xOPIPw0joNPwYd0asIT5,https://open.spotify.com/track/28xOPIPw0joNPwYd0asIT5,0.00211,0.833,0.688,0.0,6.0,0.719,-4.581,0,0.197,145.03,0.375,0.5228636363636364,0.92365,F#
2913xXOVAIDAqxzV2g4VcU,https://open.spotify.com/track/2913xXOVAIDAqxzV2g4VcU,0.638,0.455,0.586,0.0,0.0,0.131,-7.978,1,0.0492,183.694,0.481,0.6986090909090908,0.8670333333333333,C
2BNcawEW0KlzLW9DeHzXZJ,https://open.spotify.com/track/2BNcawEW0KlzLW9DeHzXZJ,0.2409999999999999,0.637,0.594,0.0,1.0,0.121,-7.463,1,0.328,153.868,0.56,0.5630363636363637,0.8756166666666666,C#
2BOpFmZQ89Rjm2wvmud1MU,https://open.spotify.com/track/2BOpFmZQ89Rjm2wvmud1MU,0.162,0.815,0.522,1.1e-06,5.0,0.123,-6.668,0,0.113,122.067,0.431,0.4184863636363636,0.8888666666666667,F
2ByBBvpR9b7IynvRmnG7kG,https://open.spotify.com/track/2ByBBvpR9b7IynvRmnG7kG,0.297,0.782,0.379,2.98e-05,4.0,0.103,-8.964,1,0.0303,103.99,0.267,0.3363181818181818,0.8506,E
2CEWW0uqHj7sJrXdfHwozn,unknown_href,0.2751393934602076,0.6354256055363322,0.6118322952710495,0.0142921726182237,5.047289504036909,0.1917657439446366,-7.028305651672434,0,0.1090111880046136,122.29604152249134,0.4638054209919262,0.4195274614658697,0.8828615724721262,C
2CIXO1jQbrV1hlfI7FUKld,https://open.spotify.com/track/2CIXO1jQbrV1hlfI7FUKld,0.00552,0.476,0.797,0.0,0.0,0.142,-3.867,1,0.0332,80.946,0.601,0.2315727272727272,0.93555,C
2CnjDMdpRjlWv04Xk3s6MW,https://open.spotify.com/track/2CnjDMdpRjlWv04Xk3s6MW,0.791,0.476,0.386,0.000423,0.0,0.1,-10.601,1,0.03,138.265,0.158,0.4921136363636363,0.8233166666666667,C
2DXK0YNGSqnaIEX5iaSIoK,https://open.spotify.com/track/2DXK0YNGSqnaIEX5iaSIoK,0.597,0.553,0.48,0.00586,3.0,0.0943,-9.886,0,0.0498,173.009,0.456,0.6500409090909091,0.8352333333333334,D#
2Dct3GykKZ58hpWRFfe2Qd,https://open.spotify.com/track/2Dct3GykKZ58hpWRFfe2Qd,0.783,0.68,0.246,0.0,4.0,0.106,-14.112,1,0.058,110.23,0.3879999999999999,0.3646818181818182,0.7647999999999999,E
2EFZ9emtKWEglWUQGEQ3P9,https://open.spotify.com/track/2EFZ9emtKWEglWUQGEQ3P9,0.867,0.684,0.339,0.0,2.0,0.194,-7.259,1,0.029,125.054,0.572,0.4320636363636363,0.8790166666666667,D
2EjXfH91m7f8HiJN1yQg97,https://open.spotify.com/track/2EjXfH91m7f8HiJN1yQg97,0.617,0.598,0.47,0.0,8.0,0.505,-8.744,1,0.0496,67.086,0.879,0.1685727272727272,0.8542666666666666,G#
2FPfeYlrbSBR8PwCU0zaqq,https://open.spotify.com/track/2FPfeYlrbSBR8PwCU0zaqq,0.913,0.303,0.137,7.31e-06,8.0,0.267,-15.235,1,0.032,137.484,0.299,0.4885636363636364,0.7460833333333333,G#
2FQrifJ1N335Ljm3TjTVVf,https://open.spotify.com/track/2FQrifJ1N335Ljm3TjTVVf,0.0633,0.722,0.709,0.0,9.0,0.0804,-4.95,1,0.0273,81.012,0.604,0.2318727272727272,0.9175,A
2FoahzOSxJnalPA8aBUme3,https://open.spotify.com/track/2FoahzOSxJnalPA8aBUme3,0.122,0.652,0.806,1.08e-05,5.0,0.842,-5.707,0,0.302,159.947,0.779,0.5906681818181818,0.9048833333333334,F
2GLWhy9iiO1wrLUF5l4FtJ,https://open.spotify.com/track/2GLWhy9iiO1wrLUF5l4FtJ,0.103,0.749,0.403,0.000186,1.0,0.324,-8.395,0,0.135,118.153,0.0619,0.4006954545454546,0.8600833333333334,C#
2Gk6fi0dqt91NKvlzGsmm7,https://open.spotify.com/track/2Gk6fi0dqt91NKvlzGsmm7,0.0648,0.7719999999999999,0.631,0.0,10.0,0.129,-5.082,1,0.0431,121.854,0.433,0.4175181818181818,0.9153,A#
2GxrNKugF82CnoRFbQfzPf,https://open.spotify.com/track/2GxrNKugF82CnoRFbQfzPf,0.000938,0.599,0.946,0.0106,11.0,0.0826,-4.263,1,0.0447,151.647,0.747,0.5529409090909091,0.92895,B
2H2ytI7ompfNmRkI2sq8Uk,https://open.spotify.com/track/2H2ytI7ompfNmRkI2sq8Uk,0.0103,0.618,0.793,0.00463,5.0,0.2349999999999999,-5.794,1,0.0506,75.524,0.198,0.2069272727272727,0.9034333333333334,F
2HRgqmZQC0MC7GeNuDIXHN,https://open.spotify.com/track/2HRgqmZQC0MC7GeNuDIXHN,0.312,0.79,0.831,0.0,11.0,0.0797,-4.185,1,0.044,124.98699999999998,0.872,0.4317590909090908,0.93025,B
2HYFX63wP3otVIvopRS99Z,https://open.spotify.com/track/2HYFX63wP3otVIvopRS99Z,0.0292,0.936,0.887,1.88e-06,9.0,0.0582,-2.76,0,0.0683,127.003,0.889,0.4409227272727273,0.954,A
2Hc1LaV6bzFil3dE71eORA,https://open.spotify.com/track/2Hc1LaV6bzFil3dE71eORA,0.000713,0.777,0.604,5.64e-05,9.0,0.151,-4.452,0,0.0397,111.998,0.121,0.3727181818181818,0.9258,A
2IGMVunIBsBLtEQyoI1Mu7,unknown_href,0.2751393934602076,0.6354256055363322,0.6118322952710495,0.0142921726182237,5.047289504036909,0.1917657439446366,-7.028305651672434,0,0.1090111880046136,122.29604152249134,0.4638054209919262,0.4195274614658697,0.8828615724721262,C
2ItNKt19iqefEe590Z9GeE,https://open.spotify.com/track/2ItNKt19iqefEe590Z9GeE,0.00149,0.491,0.771,0.000262,9.0,0.232,-5.037,1,0.041,103.005,0.242,0.3318409090909091,0.91605,A
2IuUMx3uxxJAHcH41aYtn0,https://open.spotify.com/track/2IuUMx3uxxJAHcH41aYtn0,0.83,0.595,0.23,0.0,10.0,0.12,-13.603,1,0.0511,126.596,0.538,0.4390727272727273,0.7732833333333333,A#
2J6OF7CkpdQGSfm1wdclqn,https://open.spotify.com/track/2J6OF7CkpdQGSfm1wdclqn,0.774,0.583,0.344,0.0,2.0,0.143,-8.765,1,0.0559,65.203,0.581,0.1600136363636363,0.8539166666666667,D
2K7sv1mno9PvbXVBpqvSKn,https://open.spotify.com/track/2K7sv1mno9PvbXVBpqvSKn,0.0003829999999999,0.742,0.685,0.00428,9.0,0.147,-7.526,1,0.149,155.037,0.306,0.56835,0.8745666666666667,A
2KslE17cAJNHTsI2MI0jb2,https://open.spotify.com/track/2KslE17cAJNHTsI2MI0jb2,0.0447,0.711,0.809,0.0,2.0,0.339,-4.389,0,0.0955,106.01699999999998,0.816,0.3455318181818181,0.92685,D
2LBqCSwhJGcFQeTHMVGwy3,https://open.spotify.com/track/2LBqCSwhJGcFQeTHMVGwy3,0.111,0.586,0.525,0.0,1.0,0.134,-7.163,0,0.0615,133.629,0.508,0.471040909090909,0.8806166666666667,C#
2LlQb7Uoj1kKyGhlkBf9aC,https://open.spotify.com/track/2LlQb7Uoj1kKyGhlkBf9aC,0.0318,0.771,0.687,0.000225,11.0,0.89,-9.814,1,0.0693,118.392,0.783,0.4017818181818182,0.8364333333333334,B
2Lumsra3kuU61wXkEKzKaK,https://open.spotify.com/track/2Lumsra3kuU61wXkEKzKaK,0.0253,0.473,0.621,0.000366,11.0,0.19,-8.698,0,0.0291,173.083,0.782,0.6503772727272727,0.8550333333333333,B
2McT2fkH0VDqPsbiB9HWPq,https://open.spotify.com/track/2McT2fkH0VDqPsbiB9HWPq,0.195,0.603,0.8199999999999998,0.0,1.0,0.338,-5.773,1,0.136,148.191,0.304,0.5372318181818182,0.9037833333333334,C#
2MjXWroB9wlTG2kqv3avfS,https://open.spotify.com/track/2MjXWroB9wlTG2kqv3avfS,0.0957,0.811,0.64,0.0,5.0,0.127,-5.63,0,0.274,145.031,0.527,0.5228681818181818,0.9061666666666668,F
2O223PoYCkIPSsE4cmnr9v,https://open.spotify.com/track/2O223PoYCkIPSsE4cmnr9v,0.263,0.787,0.858,0.0,5.0,0.103,-4.969,0,0.0555,125.093,0.964,0.4322409090909091,0.9171833333333334,F
2O3MQ6H3gjrIWDcpeTrikT,https://open.spotify.com/track/2O3MQ6H3gjrIWDcpeTrikT,0.005,0.495,0.896,0.0,11.0,0.353,-2.381,1,0.0331,146.04,0.462,0.5274545454545454,0.9603166666666668,B
2OWv3lRR8PtOVuHWzQNRs2,https://open.spotify.com/track/2OWv3lRR8PtOVuHWzQNRs2,0.607,0.757,0.642,0.0355,2.0,0.169,-7.966,0,0.0369,130.098,0.759,0.4549909090909091,0.8672333333333333,D
2Okh2n1EHlGhviAYv75MOB,https://open.spotify.com/track/2Okh2n1EHlGhviAYv75MOB,0.0192,0.759,0.741,0.0,10.0,0.145,-6.065,0,0.171,100.054,0.69,0.3184272727272727,0.8989166666666667,A#
2OzhQlSqBEmt7hmkYxfT6m,https://open.spotify.com/track/2OzhQlSqBEmt7hmkYxfT6m,0.502,0.504,0.386,1.53e-05,11.0,0.0961,-10.976,1,0.0308,192.004,0.281,0.7363818181818181,0.8170666666666667,B
2PmMh2t7jAtN6cqFooA0Xy,https://open.spotify.com/track/2PmMh2t7jAtN6cqFooA0Xy,0.532,0.567,0.812,0.0,11.0,0.73,-5.434,0,0.164,106.179,0.853,0.3462681818181818,0.9094333333333334,B
2Q0aElTZQtEUsoiaQfizu6,https://open.spotify.com/track/2Q0aElTZQtEUsoiaQfizu6,0.858,0.361,0.395,0.0035599999999999,5.0,0.211,-8.51,0,0.0429,75.923,0.208,0.2087409090909091,0.8581666666666667,F
2QN9zL3SzXdGqqmXO68gFp,https://open.spotify.com/track/2QN9zL3SzXdGqqmXO68gFp,0.0372,0.7879999999999999,0.576,0.000211,1.0,0.0634,-6.996,0,0.0327,124.115,0.8889999999999999,0.4277954545454545,0.8834,C#
2QjOHCTQ1Jl3zawyYOpxh6,https://open.spotify.com/track/2QjOHCTQ1Jl3zawyYOpxh6,0.0495,0.612,0.807,0.0177,10.0,0.101,-2.81,1,0.0336,124.053,0.398,0.4275136363636364,0.9531666666666666,A#
2QpN1ZVw8eJO5f7WcvUA1k,https://open.spotify.com/track/2QpN1ZVw8eJO5f7WcvUA1k,0.424,0.692,0.762,1.2899999999999998e-05,0.0,0.181,-4.867,1,0.0342,146.674,0.961,0.5303363636363637,0.9188833333333334,C
2R30S0W4JCM9JaQWlpmeWn,https://open.spotify.com/track/2R30S0W4JCM9JaQWlpmeWn,0.0548,0.571,0.55,0.0,0.0,0.179,-6.567,1,0.106,120.947,0.104,0.4133954545454545,0.89055,C
2U3jOPfO4wZZFaaWS4Dcj6,https://open.spotify.com/track/2U3jOPfO4wZZFaaWS4Dcj6,0.783,0.442,0.599,0.0,0.0,0.155,-5.074,1,0.12,186.309,0.544,0.7104954545454545,0.9154333333333332,C
2UDARQiksl207HcSduDpov,https://open.spotify.com/track/2UDARQiksl207HcSduDpov,0.302,0.755,0.43,2.71e-06,1.0,0.121,-7.482000000000001,1,0.0359,115.964,0.325,0.3907454545454545,0.8753,C#
2UW7JaomAMuX9pZrjVpHAU,https://open.spotify.com/track/2UW7JaomAMuX9pZrjVpHAU,0.213,0.812,0.479,1.21e-06,2.0,0.0756,-5.678,0,0.333,169.92199999999997,0.559,0.6360090909090907,0.9053666666666668,D
2UikqkwBv7aIvlixeVXHWt,https://open.spotify.com/track/2UikqkwBv7aIvlixeVXHWt,0.268,0.602,0.477,3.1e-05,9.0,0.173,-8.425,1,0.032,183.89,0.552,0.6994999999999999,0.8595833333333334,A
2Uts1QFB4u2YNIMiqcb4de,https://open.spotify.com/track/2Uts1QFB4u2YNIMiqcb4de,0.00306,0.889,0.298,1.26e-05,1.0,0.173,-9.086,1,0.182,100.042,0.314,0.3183727272727273,0.8485666666666667,C#
2VOomzT6VavJOGBeySqaMc,https://open.spotify.com/track/2VOomzT6VavJOGBeySqaMc,0.0861,0.707,0.814,0.0,11.0,0.168,-4.509,0,0.0577,124.921,0.717,0.4314590909090909,0.92485,B
2YSzYUF3jWqb9YP9VXmpjE,https://open.spotify.com/track/2YSzYUF3jWqb9YP9VXmpjE,0.0466,0.673,0.672,0.000284,8.0,0.193,-8.577,1,0.2239999999999999,136.902,0.14,0.4859181818181817,0.85705,G#
2Zo1PcszsT9WQ0ANntJbID,https://open.spotify.com/track/2Zo1PcszsT9WQ0ANntJbID,0.0736,0.791,0.694,1.75e-06,6.0,0.0958,-4.332,0,0.0335,123.508,0.826,0.4250363636363636,0.9278,F#
2ZqTbIID9vFPTXaGyzbb4q,https://open.spotify.com/track/2ZqTbIID9vFPTXaGyzbb4q,0.0203,0.826,0.7559999999999999,0.0,2.0,0.0914999999999999,-4.984,1,0.256,160.01,0.794,0.5909545454545454,0.9169333333333332,D
2aYHxnMF2umAavtgBvmkY1,https://open.spotify.com/track/2aYHxnMF2umAavtgBvmkY1,0.3619999999999999,0.77,0.8590000000000001,0.0,10.0,0.6730000000000002,-3.382,0,0.275,129.77,0.64,0.4535,0.9436333333333332,A#
2aYZaN5SmkRDLsrrV8GkBQ,https://open.spotify.com/track/2aYZaN5SmkRDLsrrV8GkBQ,0.68,0.722,0.7400000000000001,3.27e-05,6.0,0.176,-7.22,0,0.063,132.731,0.893,0.4669590909090909,0.8796666666666667,F#
2anbsZVE7y9yhI4KD7QYI0,https://open.spotify.com/track/2anbsZVE7y9yhI4KD7QYI0,0.206,0.51,0.275,0.0025,1.0,0.174,-10.67,0,0.056,109.472,0.0433,0.3612363636363636,0.8221666666666666,C#
2c7z5oRcPBbqRaBY2mLWcf,https://open.spotify.com/track/2c7z5oRcPBbqRaBY2mLWcf,0.189,0.757,0.628,0.0209,4.0,0.221,-6.715,0,0.101,119.98,0.321,0.409,0.8880833333333332,E
2cH8wHImerFokgmhjyhCTU,https://open.spotify.com/track/2cH8wHImerFokgmhjyhCTU,0.177,0.807,0.49,0.0,1.0,0.0937,-8.451,0,0.353,113.982,0.431,0.3817363636363636,0.85915,C#
2cZOYofOX4d6g0OXxkaIjA,unknown_href,0.2751393934602076,0.6354256055363322,0.6118322952710495,0.0142921726182237,5.047289504036909,0.1917657439446366,-7.028305651672434,0,0.1090111880046136,122.29604152249134,0.4638054209919262,0.4195274614658697,0.8828615724721262,C
2cg9zc2ba5HGiGMTu4oj69,https://open.spotify.com/track/2cg9zc2ba5HGiGMTu4oj69,0.066,0.686,0.829,0.0,8.0,0.34,-4.049,0,0.125,147.003,0.562,0.5318318181818181,0.9325166666666668,G#
2d8UxVNhJinc8uat9PoM9y,https://open.spotify.com/track/2d8UxVNhJinc8uat9PoM9y,0.315,0.606,0.338,0.0,0.0,0.106,-10.555,1,0.048,119.88,0.238,0.4085454545454545,0.8240833333333334,C
2dCmGcEOQrMQhMMS8Vj7Ca,https://open.spotify.com/track/2dCmGcEOQrMQhMMS8Vj7Ca,0.22,0.838,0.794,0.0,9.0,0.0575,-8.245,0,0.0531,132.446,0.962,0.4656636363636363,0.8625833333333334,A
2dHHgzDwk4BJdRwy9uXhTO,https://open.spotify.com/track/2dHHgzDwk4BJdRwy9uXhTO,0.391,0.716,0.6129999999999999,0.0,1.0,0.0813,-6.018,0,0.0522,97.914,0.157,0.3087,0.8996999999999999,C#
2dklP2sRuvcJROlrM8F7Dp,https://open.spotify.com/track/2dklP2sRuvcJROlrM8F7Dp,0.645,0.691,0.489,1.61e-06,0.0,0.328,-8.461,1,0.0539,85.032,0.662,0.2501454545454545,0.8589833333333333,C
2dv2DYn0V0j0Wx6Ra40bce,https://open.spotify.com/track/2dv2DYn0V0j0Wx6Ra40bce,0.963,0.739,0.4059999999999999,0.0007529999999999,5.0,0.8489999999999999,-15.214999999999998,1,0.921,71.653,0.82,0.1893318181818182,0.7464166666666667,F
2eQFYGegTZaObk2kuBz83Z,https://open.spotify.com/track/2eQFYGegTZaObk2kuBz83Z,0.243,0.736,0.888,0.000205,7.0,0.239,-4.518,1,0.0408,93.05,0.788,0.286590909090909,0.9247,G
2f0GI2ZLUtbGqFx8t2Gk6A,https://open.spotify.com/track/2f0GI2ZLUtbGqFx8t2Gk6A,0.0846,0.572,0.807,0.0,0.0,0.071,-5.348,1,0.0574,160.015,0.626,0.5909772727272726,0.9108666666666668,C
2gyxAWHebV7xPYVxqoi86f,https://open.spotify.com/track/2gyxAWHebV7xPYVxqoi86f,0.0143,0.553,0.847,0.0,5.0,0.561,-5.736,1,0.187,162.024,0.733,0.6001090909090909,0.9044,F
2jf0ooqmXMqaGqh0bdYsHR,https://open.spotify.com/track/2jf0ooqmXMqaGqh0bdYsHR,0.0643,0.729,0.483,3.23e-06,8.0,0.0854,-5.315,1,0.0583,120.949,0.163,0.4134045454545454,0.9114166666666668,G#
2jnezASa7o0lP6aif6VrIf,https://open.spotify.com/track/2jnezASa7o0lP6aif6VrIf,0.00349,0.916,0.578,0.00402,11.0,0.113,-6.275000000000001,1,0.124,124.005,0.192,0.4272954545454545,0.8954166666666666,B
2kjH4Q6WxvlpGnlgwmv4eG,https://open.spotify.com/track/2kjH4Q6WxvlpGnlgwmv4eG,1.26e-05,0.493,0.927,3.66e-06,2.0,0.246,-3.246,1,0.0576,102.536,0.312,0.3297090909090909,0.9459,D
2lophWrG2xqv9CSgSPca5k,https://open.spotify.com/track/2lophWrG2xqv9CSgSPca5k,0.0414,0.52,0.876,0.0,5.0,0.418,-3.707,1,0.0606,160.008,0.38,0.5909454545454546,0.9382166666666668,F
2mpoNBkngUEwnaKoBhZ0vl,https://open.spotify.com/track/2mpoNBkngUEwnaKoBhZ0vl,0.0965,0.784,0.8259999999999998,7.09e-05,7.0,0.123,-6.34,0,0.0537999999999999,138.078,0.893,0.4912636363636364,0.8943333333333333,G
2mvabkN1i2gLnGAPUVdwek,https://open.spotify.com/track/2mvabkN1i2gLnGAPUVdwek,0.06,0.598,0.68,0.0,7.0,0.324,-4.505,1,0.0331,134.002,0.437,0.4727363636363637,0.9249166666666666,G
2o1pb13quMReXZqE7jWsgq,https://open.spotify.com/track/2o1pb13quMReXZqE7jWsgq,0.67,0.506,0.362,0.0,10.0,0.176,-9.48,1,0.0416,84.726,0.385,0.2487545454545454,0.842,A#
2os3F2ZKbj02ZWXWAdWGFD,https://open.spotify.com/track/2os3F2ZKbj02ZWXWAdWGFD,0.3819999999999999,0.514,0.451,2.07e-06,9.0,0.206,-9.559,1,0.174,116.229,0.334,0.39195,0.8406833333333333,A
2pUYbyOIOSfDfsnCR3KceZ,https://open.spotify.com/track/2pUYbyOIOSfDfsnCR3KceZ,0.782,0.435,0.401,0.000676,0.0,0.113,-7.885,1,0.0434,84.001,0.0911,0.2454590909090909,0.8685833333333334,C
2pXpURmn6zC5ZYDMms6fwa,https://open.spotify.com/track/2pXpURmn6zC5ZYDMms6fwa,0.76,0.724,0.276,0.0,7.0,0.116,-12.25,1,0.0599,112.874,0.718,0.3767,0.7958333333333333,G
2plbrEY59IikOBgBGLjaoe,https://open.spotify.com/track/2plbrEY59IikOBgBGLjaoe,0.308,0.521,0.592,0.0,6.0,0.1219999999999999,-7.777000000000001,0,0.0304,157.969,0.535,0.5816772727272727,0.8703833333333333,F#
2pnPe4pJtq7689i5ydzvJJ,https://open.spotify.com/track/2pnPe4pJtq7689i5ydzvJJ,0.812,0.681,0.715,9.43e-06,7.0,0.0777,-10.609,0,0.0912,152.134,0.957,0.5551545454545453,0.8231833333333333,G
2prqm9sPLj10B4Wg0wE5x9,https://open.spotify.com/track/2prqm9sPLj10B4Wg0wE5x9,0.29,0.349,0.337,0.172,7.0,0.139,-10.671,1,0.0407,142.01,0.0365,0.5091363636363636,0.82215,G
2q693l1DTvvrfwaQC0zx4E,unknown_href,0.2751393934602076,0.6354256055363322,0.6118322952710495,0.0142921726182237,5.047289504036909,0.1917657439446366,-7.028305651672434,0,0.1090111880046136,122.29604152249134,0.4638054209919262,0.4195274614658697,0.8828615724721262,C
2qSkIjg1o9h3YT9RAgYN75,https://open.spotify.com/track/2qSkIjg1o9h3YT9RAgYN75,0.107,0.701,0.76,6.54e-05,0.0,0.185,-5.478,1,0.0284999999999999,103.969,0.69,0.3362227272727272,0.9087,C
2t4H61OtTYgmDe61KxkjKH,https://open.spotify.com/track/2t4H61OtTYgmDe61KxkjKH,0.14,0.794,0.533,2.76e-05,9.0,0.207,-8.206,1,0.0591,120.011,0.15,0.409140909090909,0.8632333333333333,A
2tHwzyyOLoWSFqYNjeVMzj,https://open.spotify.com/track/2tHwzyyOLoWSFqYNjeVMzj,0.257,0.675,0.586,0.0,9.0,0.104,-6.086,1,0.0531,107.015,0.621,0.3500681818181818,0.8985666666666667,A
2tudvzsrR56uom6smgOcSf,https://open.spotify.com/track/2tudvzsrR56uom6smgOcSf,0.00709,0.8140000000000001,0.676,1.28e-05,11.0,0.119,-4.67,0,0.231,162.012,0.312,0.6000545454545455,0.9221666666666668,B
2uFaJJtFpPDc5Pa95XzTvg,https://open.spotify.com/track/2uFaJJtFpPDc5Pa95XzTvg,0.912,0.451,0.241,2.66e-06,1.0,0.175,-14.014,1,0.0352,134.009,0.698,0.4727681818181817,0.7664333333333334,C#
2uqYupMHANxnwgeiXTZXzd,https://open.spotify.com/track/2uqYupMHANxnwgeiXTZXzd,0.464,0.7559999999999999,0.672,3.3700000000000003e-06,0.0,0.108,-6.743,1,0.0522,114.935,0.739,0.3860681818181818,0.8876166666666666,C
2ut4BOQSqxLpcX5MtPjzYa,https://open.spotify.com/track/2ut4BOQSqxLpcX5MtPjzYa,0.0508,0.56,0.784,0.0,1.0,0.221,-5.304,1,0.301,78.161,0.25,0.2189136363636363,0.9116,C#
2vPMoMDXxu9uX1igWZmXSG,https://open.spotify.com/track/2vPMoMDXxu9uX1igWZmXSG,0.00516,0.653,0.848,4.24e-06,5.0,0.0798,-5.936,1,0.0582999999999999,122.017,0.724,0.4182590909090909,0.9010666666666668,F
2ve0kuaWUCt4Zx8x4bf1MR,https://open.spotify.com/track/2ve0kuaWUCt4Zx8x4bf1MR,0.0105,0.387,0.703,1.1e-05,3.0,0.128,-5.956,1,0.0545,123.18,0.32,0.4235454545454545,0.9007333333333332,D#
2w5BtuWXISpB6NM4xPoeiR,https://open.spotify.com/track/2w5BtuWXISpB6NM4xPoeiR,0.158,0.657,0.718,0.0,2.0,0.715,-6.88,1,0.344,78.956,0.31,0.2225272727272727,0.8853333333333333,D
2x2olWuWXpqjoeE4bO1NFS,https://open.spotify.com/track/2x2olWuWXpqjoeE4bO1NFS,0.0534,0.781,0.569,0.0,1.0,0.098,-7.857999999999999,1,0.0978,121.971,0.0739,0.41805,0.8690333333333334,C#
2yUzr8Sr6ldG8vmHhZwTnz,https://open.spotify.com/track/2yUzr8Sr6ldG8vmHhZwTnz,0.00465,0.681,0.758,0.0,1.0,0.555,-6.524,1,0.1879999999999999,165.409,0.331,0.6154954545454545,0.8912666666666667,C#
2ydwqnjPOcM24MV0kLThwi,https://open.spotify.com/track/2ydwqnjPOcM24MV0kLThwi,0.00038,0.534,0.699,8.21e-06,7.0,0.362,-5.078,0,0.0326,147.169,0.0555,0.5325863636363637,0.9153666666666668,G
2ywwp2csbExgemnVAjdMyL,unknown_href,0.2751393934602076,0.6354256055363322,0.6118322952710495,0.0142921726182237,5.047289504036909,0.1917657439446366,-7.028305651672434,0,0.1090111880046136,122.29604152249134,0.4638054209919262,0.4195274614658697,0.8828615724721262,C
30Y4CV7A6YqtQtTTo7Ue4j,https://open.spotify.com/track/30Y4CV7A6YqtQtTTo7Ue4j,0.321,0.526,0.6999999999999998,0.0,4.0,0.213,-3.9500000000000006,1,0.0392,163.949,0.596,0.608859090909091,0.9341666666666666,E
31TVho4kOuAeRmLYGIEuWn,https://open.spotify.com/track/31TVho4kOuAeRmLYGIEuWn,0.0804,0.894,0.526,4.4e-05,10.0,0.132,-6.622,0,0.381,140.041,0.208,0.5001863636363636,0.8896333333333334,A#
31UNoCt5Oq4isrb3SSf1ZK,https://open.spotify.com/track/31UNoCt5Oq4isrb3SSf1ZK,0.0502,0.645,0.732,1.16e-06,4.0,0.161,-2.94,0,0.0306,106.963,0.121,0.3498318181818181,0.951,E
32jHB7W9b08OTorAqR0cJo,https://open.spotify.com/track/32jHB7W9b08OTorAqR0cJo,0.0246,0.608,0.824,0.00648,2.0,0.346,-6.303,1,0.0419,115.049,0.451,0.3865863636363637,0.89495,D
333XFHKsHU0pOocFzBgrJi,https://open.spotify.com/track/333XFHKsHU0pOocFzBgrJi,0.459,0.453,0.531,0.0,0.0,0.178,-7.88,1,0.028,110.114,0.347,0.3641545454545454,0.8686666666666666,C
33vrRiIiut4rOFmkgorJD6,unknown_href,0.2751393934602076,0.6354256055363322,0.6118322952710495,0.0142921726182237,5.047289504036909,0.1917657439446366,-7.028305651672434,0,0.1090111880046136,122.29604152249134,0.4638054209919262,0.4195274614658697,0.8828615724721262,C
34sOdxWu9FljH84UXdRwu1,https://open.spotify.com/track/34sOdxWu9FljH84UXdRwu1,0.218,0.421,0.6949999999999998,2.97e-06,6.0,0.155,-4.346,1,0.0428,156.344,0.45,0.5742909090909091,0.9275666666666668,F#
35D1RA5uVFVhMc1qX80TaQ,https://open.spotify.com/track/35D1RA5uVFVhMc1qX80TaQ,0.731,0.437,0.8680000000000001,0.0,6.0,0.234,-3.03,1,0.112,111.774,0.475,0.3717,0.9495,F#
37xSCULPsOwbtlrfXxWNyo,https://open.spotify.com/track/37xSCULPsOwbtlrfXxWNyo,0.911,0.446,0.354,0.00032,9.0,0.145,-13.374,1,0.263,67.466,0.934,0.1702999999999999,0.7771,A
38xhBO2AKrJnjdjVnhJES6,https://open.spotify.com/track/38xhBO2AKrJnjdjVnhJES6,0.292,0.634,0.645,0.0,5.0,0.246,-9.2,1,0.0376,93.047,0.677,0.2865772727272727,0.8466666666666666,F
39L3LdlHS3gqB62HPWaJRg,https://open.spotify.com/track/39L3LdlHS3gqB62HPWaJRg,0.32,0.914,0.698,8.76e-06,1.0,0.083,-5.228,1,0.115,99.011,0.757,0.3136863636363636,0.9128666666666666,C#
39MK3d3fonIP8Mz9oHCTBB,https://open.spotify.com/track/39MK3d3fonIP8Mz9oHCTBB,0.22,0.591,0.5,0.0,11.0,0.175,-6.206,0,0.0529,145.819,0.201,0.52645,0.8965666666666666,B
3B0swL7Qil9bB7eKzBREBK,https://open.spotify.com/track/3B0swL7Qil9bB7eKzBREBK,0.414,0.632,0.729,0.0,7.0,0.0987,-3.066,1,0.112,110.238,0.862,0.3647181818181818,0.9489,G
3B7EZgquNKHrSIo2tEc8mK,https://open.spotify.com/track/3B7EZgquNKHrSIo2tEc8mK,0.764,0.497,0.351,1.5e-06,7.0,0.136,-9.248,0,0.0274,105.032,0.492,0.3410545454545454,0.8458666666666667,G
3BHFResGQiUvbYToUdaDQz,https://open.spotify.com/track/3BHFResGQiUvbYToUdaDQz,0.0128,0.491,0.748,0.0,0.0,0.106,-5.019,1,0.0324,165.996,0.379,0.6181636363636364,0.91635,C
3CWq0pAKKTWb0K4yiglDc4,https://open.spotify.com/track/3CWq0pAKKTWb0K4yiglDc4,0.509,0.744,0.396,0.00319,0.0,0.121,-13.712,1,0.057,102.969,0.18,0.3316772727272727,0.7714666666666666,C
3E7dfMvvCLUddWissuqMwr,https://open.spotify.com/track/3E7dfMvvCLUddWissuqMwr,0.00112,0.652,0.6979999999999998,0.000115,10.0,0.0886,-4.667,0,0.042,96.021,0.47,0.3000954545454545,0.9222166666666668,A#
3EO58D1YpHnTvBy68gK8HE,https://open.spotify.com/track/3EO58D1YpHnTvBy68gK8HE,0.508,0.571,0.717,1.17e-06,6.0,0.112,-5.807,1,0.0365,171.858,0.661,0.6448090909090909,0.9032166666666668,F#
3EaJDYHA0KnX88JvDhL9oa,https://open.spotify.com/track/3EaJDYHA0KnX88JvDhL9oa,0.446,0.603,0.7839999999999999,8.32e-06,6.0,0.119,-4.023,1,0.062,172.041,0.769,0.6456409090909091,0.93295,F#
3EvZ03hGAFwGZ2Ebcu86YH,https://open.spotify.com/track/3EvZ03hGAFwGZ2Ebcu86YH,0.684,0.593,0.3969999999999999,7.440000000000001e-06,6.0,0.0982,-8.309,1,0.0329,76.703,0.32,0.2122863636363636,0.8615166666666667,F#
3F5CgOj3wFlRv51JsHbxhe,https://open.spotify.com/track/3F5CgOj3wFlRv51JsHbxhe,0.000307,0.529,0.673,2.41e-06,0.0,0.093,-4.711,1,0.175,165.921,0.366,0.6178227272727272,0.9214833333333332,C
3Fra5SMXXDTSRXVoDf8Xwd,https://open.spotify.com/track/3Fra5SMXXDTSRXVoDf8Xwd,0.0382,0.731,0.734,1.67e-06,7.0,0.353,-3.145,0,0.0515,101.008,0.797,0.3227636363636363,0.9475833333333332,G
3FtQes77xlbS9QTVts7p2u,unknown_href,0.2751393934602076,0.6354256055363322,0.6118322952710495,0.0142921726182237,5.047289504036909,0.1917657439446366,-7.028305651672434,0,0.1090111880046136,122.29604152249134,0.4638054209919262,0.4195274614658697,0.8828615724721262,C
3GCdLUSnKSMJhs4Tj6CV3s,https://open.spotify.com/track/3GCdLUSnKSMJhs4Tj6CV3s,0.0612,0.695,0.633,0.000195,8.0,0.0926,-4.946,1,0.0599,96.782,0.557,0.3035545454545454,0.9175666666666668,G#
3GXjlz7evuodm50dfiDDWo,https://open.spotify.com/track/3GXjlz7evuodm50dfiDDWo,0.204,0.833,0.6,0.0,6.0,0.147,-8.287,0,0.375,133.22,0.491,0.4691818181818182,0.8618833333333333,F#
3GYlZ7tbxLOxe6ewMNVTkw,https://open.spotify.com/track/3GYlZ7tbxLOxe6ewMNVTkw,0.83,0.412,0.236,0.00653,4.0,0.147,-15.159,0,0.0379,140.214,0.119,0.5009727272727272,0.7473500000000001,E
3GdwjAsCsoE79ObhsJFyYb,https://open.spotify.com/track/3GdwjAsCsoE79ObhsJFyYb,0.356,0.749,0.8960000000000001,0.00075,2.0,0.267,-4.909,1,0.219,97.121,0.4469999999999999,0.3050954545454545,0.9181833333333334,D
3I3eUAnjfJ3XtqgQJda5u5,unknown_href,0.2751393934602076,0.6354256055363322,0.6118322952710495,0.0142921726182237,5.047289504036909,0.1917657439446366,-7.028305651672434,0,0.1090111880046136,122.29604152249134,0.4638054209919262,0.4195274614658697,0.8828615724721262,C
3IHt4j5uAEl7iBu8Utn985,https://open.spotify.com/track/3IHt4j5uAEl7iBu8Utn985,0.837,0.57,0.295,0.0,8.0,0.167,-13.693,0,0.0445,84.139,0.231,0.2460863636363636,0.7717833333333334,G#
3IX0yuEVvDbnqUwMBB3ouC,https://open.spotify.com/track/3IX0yuEVvDbnqUwMBB3ouC,0.00177,0.631,0.881,4.5e-06,9.0,0.0639,-3.5450000000000004,1,0.0994999999999999,129.981,0.808,0.4544590909090908,0.9409166666666666,A
3IznIgmXtrUaoPWpQTy5jB,https://open.spotify.com/track/3IznIgmXtrUaoPWpQTy5jB,0.669,0.67,0.905,0.000227,1.0,0.349,-6.855,1,0.129,104.965,0.563,0.34075,0.8857499999999999,C#
3JZjcKImHcmOI9ylL4zrSc,https://open.spotify.com/track/3JZjcKImHcmOI9ylL4zrSc,0.85,0.626,0.309,1.3100000000000002e-05,1.0,0.117,-10.397,1,0.0433,117.93999999999998,0.369,0.3997272727272726,0.8267166666666667,C#
3KCNiDi9Pza6ZD8FggNoaw,https://open.spotify.com/track/3KCNiDi9Pza6ZD8FggNoaw,0.000564,0.517,0.539,1.4e-05,9.0,0.537,-6.474,0,0.038,108.984,0.531,0.3590181818181818,0.8920999999999999,A
3Kh8X9lHztqVBTgw30HbXn,https://open.spotify.com/track/3Kh8X9lHztqVBTgw30HbXn,0.709,0.816,0.649,0.0,0.0,0.52,-5.12,0,0.242,138.056,0.686,0.4911636363636364,0.9146666666666668,C
3KkXRkHbMCARz0aVfEt68P,https://open.spotify.com/track/3KkXRkHbMCARz0aVfEt68P,0.552,0.7599999999999999,0.478,0.0,2.0,0.0703,-5.574,1,0.0466999999999999,89.908,0.913,0.2723090909090909,0.9071,D
3LkXOTWDwskwciQoARFDzu,https://open.spotify.com/track/3LkXOTWDwskwciQoARFDzu,0.127,0.67,0.852,0.0,1.0,0.414,-4.412,0,0.402,164.421,0.483,0.6110045454545454,0.9264666666666668,C#
3MytWN8L7shNYzGl4tAKRp,https://open.spotify.com/track/3MytWN8L7shNYzGl4tAKRp,0.0241,0.6049999999999999,0.769,0.0,5.0,0.0936,-2.413,1,0.032,114.921,0.366,0.3860045454545455,0.9597833333333334,F
3NE6g9h77FZbQqCLzUpGRt,https://open.spotify.com/track/3NE6g9h77FZbQqCLzUpGRt,0.0153,0.637,0.692,0.0,1.0,0.345,-7.231,0,0.164,140.203,0.427,0.5009227272727272,0.8794833333333333,C#
3NhstUmrlhaN1M6hP8zMbb,https://open.spotify.com/track/3NhstUmrlhaN1M6hP8zMbb,0.504,0.866,0.63,0.000505,10.0,0.328,-4.816,0,0.0616,117.92400000000002,0.359,0.3996545454545455,0.9197333333333332,A#
3Nl5OkkmS5DaBZvuYofpAt,https://open.spotify.com/track/3Nl5OkkmS5DaBZvuYofpAt,0.905,0.511,0.313,0.0,10.0,0.0832,-9.32,1,0.0846,126.962,0.331,0.4407363636363636,0.8446666666666667,A#
3OGCNLxpBmTYRxPZg2yDE5,https://open.spotify.com/track/3OGCNLxpBmTYRxPZg2yDE5,0.103,0.767,0.662,0.0,5.0,0.123,-4.856,0,0.0578,143.943,0.259,0.5179227272727274,0.9190666666666666,F
3OfqwyE7RrZrtuxCRixfII,https://open.spotify.com/track/3OfqwyE7RrZrtuxCRixfII,0.0122,0.749,0.53,0.000148,1.0,0.0772,-7.603,0,0.0448,115.011,0.374,0.3864136363636363,0.8732833333333333,C#
3OxL6MuctgZp1e0zxoAZhH,https://open.spotify.com/track/3OxL6MuctgZp1e0zxoAZhH,0.11,0.716,0.6639999999999999,0.0,6.0,0.11,-7.296999999999999,0,0.0571,112.054,0.209,0.3729727272727273,0.8783833333333334,F#
3PIDciSFdrQxSQSihim3hN,https://open.spotify.com/track/3PIDciSFdrQxSQSihim3hN,0.022,0.561,0.782,0.0,3.0,0.109,-7.444,1,0.0317,127.148,0.704,0.4415818181818182,0.8759333333333333,D#
3Pbp7cUCx4d3OAkZSCoNvn,https://open.spotify.com/track/3Pbp7cUCx4d3OAkZSCoNvn,0.384,0.527,0.551,2.75e-06,7.0,0.403,-11.258,1,0.0345,148.035,0.443,0.5365227272727272,0.8123666666666668,G
3QIoEi8Enr9uHffwInGIsC,https://open.spotify.com/track/3QIoEi8Enr9uHffwInGIsC,0.599,0.612,0.289,0.00266,9.0,0.0561,-11.568,1,0.0421,183.18,0.466,0.6962727272727273,0.8072,A
3QS9ZCtoSCJhmaJ7QNXSAS,https://open.spotify.com/track/3QS9ZCtoSCJhmaJ7QNXSAS,0.318,0.55,0.545,0.0,0.0,0.0608,-9.304,1,0.163,102.469,0.412,0.3294045454545454,0.8449333333333333,C
3QaPy1KgI7nu9FJEQUgn6h,https://open.spotify.com/track/3QaPy1KgI7nu9FJEQUgn6h,0.612,0.467,0.2469999999999999,0.000271,6.0,0.17,-12.002,0,0.0431,148.101,0.126,0.5368227272727273,0.7999666666666666,F#
3QiAAp20rPC3dcAtKtMaqQ,https://open.spotify.com/track/3QiAAp20rPC3dcAtKtMaqQ,0.9,0.465,0.2700000000000001,0.00104,4.0,0.145,-16.661,1,0.0425,94.518,0.58,0.2932636363636364,0.7223166666666666,E
3RA55zrRkyPK8Fd86hrMy8,https://open.spotify.com/track/3RA55zrRkyPK8Fd86hrMy8,0.328,0.747,0.6290000000000001,0.00409,9.0,0.154,-8.509,0,0.0363,127.819,0.793,0.4446318181818182,0.8581833333333333,A
3RaCGXCiiMufRPoexXxGkV,https://open.spotify.com/track/3RaCGXCiiMufRPoexXxGkV,0.508,0.4829999999999999,0.408,0.0,5.0,0.259,-9.243,0,0.0502,88.88,0.105,0.2676363636363636,0.84595,F
3Rfre3qkrhwdZZ7dyznwbN,https://open.spotify.com/track/3Rfre3qkrhwdZZ7dyznwbN,0.0103,0.549,0.679,0.0,7.0,0.365,-5.501,1,0.0346,100.214,0.235,0.3191545454545454,0.9083166666666668,G
3RwWW7KeVhHGayYJgUL5eZ,https://open.spotify.com/track/3RwWW7KeVhHGayYJgUL5eZ,0.533,0.654,0.503,0.0,9.0,0.101,-7.065,1,0.0982,160.011,0.3469999999999999,0.5909590909090909,0.8822500000000001,A
3SAga35lAPYdjj3qyfEsCF,https://open.spotify.com/track/3SAga35lAPYdjj3qyfEsCF,0.0288,0.565,0.593,0.0,8.0,0.215,-5.864,1,0.0883,120.509,0.429,0.4114045454545454,0.9022666666666668,G#
3TDTfJarTsRXCd8lITkTRv,https://open.spotify.com/track/3TDTfJarTsRXCd8lITkTRv,0.34,0.536,0.923,0.0,11.0,0.225,-6.654,0,0.439,84.33,0.519,0.2469545454545454,0.8891000000000001,B
3TYOH7ta0101NYssoH5GlU,https://open.spotify.com/track/3TYOH7ta0101NYssoH5GlU,0.385,0.822,0.487,6.55e-05,1.0,0.115,-5.815,1,0.223,134.046,0.193,0.4729363636363636,0.9030833333333332,C#
3Ua0m0YmEjrMi9XErKcNiR,https://open.spotify.com/track/3Ua0m0YmEjrMi9XErKcNiR,0.0025,0.629,0.733,0.0,7.0,0.357,-5.445,1,0.0419,120.001,0.362,0.4090954545454545,0.90925,G
3Umj02ZNl4d356pS1D38mn,https://open.spotify.com/track/3Umj02ZNl4d356pS1D38mn,0.555,0.495,0.784,0.0,10.0,0.621,-7.026999999999999,0,0.42,94.563,0.669,0.2934681818181818,0.8828833333333334,A#
3VFGA65JnN8EDmnRb5SHW2,https://open.spotify.com/track/3VFGA65JnN8EDmnRb5SHW2,0.0784,0.818,0.547,1.3e-06,5.0,0.119,-5.868,0,0.39,79.483,0.432,0.2249227272727273,0.9022,F
3VeR05PCure0YL3pHl5aI9,https://open.spotify.com/track/3VeR05PCure0YL3pHl5aI9,0.0354,0.834,0.763,2.33e-06,2.0,0.273,-5.475,1,0.0835,134.844,0.633,0.4765636363636363,0.90875,D
3Vg7nPYlOrCkcV1abKbRQ1,https://open.spotify.com/track/3Vg7nPYlOrCkcV1abKbRQ1,0.0595,0.557,0.7040000000000001,0.0,6.0,0.676,-5.641000000000001,0,0.3899999999999999,179.494,0.3779999999999999,0.6795181818181818,0.9059833333333334,F#
3Vr3zh0r7ALn8VLqCiRR10,https://open.spotify.com/track/3Vr3zh0r7ALn8VLqCiRR10,0.2459999999999999,0.635,0.601,0.0,1.0,0.1099999999999999,-6.129,0,0.0295,123.994,0.332,0.4272454545454545,0.89785,C#
3WMj8moIAXJhHsyLaqIIHI,https://open.spotify.com/track/3WMj8moIAXJhHsyLaqIIHI,0.555,0.369,0.192,8.35e-06,4.0,0.0954,-12.151,0,0.04,175.212,0.148,0.6600545454545454,0.7974833333333334,E
3WSOUb3U7tqURbBSgZTrZX,https://open.spotify.com/track/3WSOUb3U7tqURbBSgZTrZX,0.226,0.508,0.411,0.0,1.0,0.0571,-6.95,1,0.0269,131.008,0.34,0.4591272727272728,0.8841666666666667,C#
3XsaSIPWvM61RIFfeb0BBR,https://open.spotify.com/track/3XsaSIPWvM61RIFfeb0BBR,0.906,0.234,0.202,5.55e-05,9.0,0.387,-16.222,1,0.0332,96.593,0.187,0.3026954545454545,0.7296333333333334,A
3YkNIrAvbKNrrwwEd7NVLl,https://open.spotify.com/track/3YkNIrAvbKNrrwwEd7NVLl,0.8580000000000001,0.423,0.272,0.0,0.0,0.108,-12.56,1,0.0489,78.539,0.195,0.2206318181818181,0.7906666666666666,C
3YyTyWfSwAhesGCKpnuRKl,https://open.spotify.com/track/3YyTyWfSwAhesGCKpnuRKl,0.57,0.717,0.704,1.12e-06,1.0,0.0956,-5.04,1,0.0695,131.997,0.717,0.4636227272727273,0.916,C#
3a36nM6fPVA8K1vqq6d03o,https://open.spotify.com/track/3a36nM6fPVA8K1vqq6d03o,0.00467,0.64,0.891,0.0,10.0,0.132,-4.639,0,0.135,148.054,0.449,0.5366090909090909,0.9226833333333332,A#
3aCPResPDNae3pXTocGpYe,https://open.spotify.com/track/3aCPResPDNae3pXTocGpYe,0.00125,0.863,0.754,0.0,11.0,0.0913,-5.851,1,0.0611,131.001,0.301,0.4590954545454546,0.9024833333333332,B
3aZptNYC6Z1YoumeqZcDcQ,https://open.spotify.com/track/3aZptNYC6Z1YoumeqZcDcQ,0.134,0.75,0.556,0.0,1.0,0.107,-7.275,1,0.436,179.911,0.736,0.6814136363636364,0.87875,C#
3bMfUUpzUzqWp9II00yRhE,https://open.spotify.com/track/3bMfUUpzUzqWp9II00yRhE,0.984,0.367,0.122,4.37e-05,9.0,0.172,-21.34,0,0.0319,75.265,0.104,0.20575,0.6443333333333333,A
3bWEONUAlVrGAB4NqQiT2R,https://open.spotify.com/track/3bWEONUAlVrGAB4NqQiT2R,0.158,0.6450000000000001,0.634,3.78e-06,10.0,0.0908,-3.769000000000001,0,0.0341,160.017,0.352,0.5909863636363636,0.9371833333333334,A#
3bkpVSoNvBkvt9LJMFT5at,https://open.spotify.com/track/3bkpVSoNvBkvt9LJMFT5at,0.0696,0.7299999999999999,0.703,0.0,1.0,0.316,-3.893,1,0.211,93.211,0.853,0.2873227272727273,0.9351166666666668,C#
3diKIcRsDj2WultNgqi62P,https://open.spotify.com/track/3diKIcRsDj2WultNgqi62P,0.535,0.63,0.598,1.95e-06,8.0,0.105,-5.695,1,0.0683,141.963,0.488,0.5089227272727272,0.9050833333333334,G#
3dnP0JxCgygwQH9Gm7q7nb,https://open.spotify.com/track/3dnP0JxCgygwQH9Gm7q7nb,0.483,0.668,0.7580000000000001,1.89e-05,5.0,0.0837,-5.176,0,0.0332,147.989,0.834,0.5363136363636364,0.9137333333333332,F
3dzRwqd1L3HqxmViUJt20A,https://open.spotify.com/track/3dzRwqd1L3HqxmViUJt20A,0.251,0.71,0.57,0.000306,2.0,0.117,-4.99,0,0.0295,75.036,0.486,0.2047090909090909,0.9168333333333332,D
3eNOyXmzuA46bUvi8FkIoW,https://open.spotify.com/track/3eNOyXmzuA46bUvi8FkIoW,0.0177,0.559,0.704,0.0,2.0,0.0821,-7.686,1,0.0338,89.985,0.422,0.2726590909090909,0.8719,D
3eP13S8D5m2cweMEg3ZDed,https://open.spotify.com/track/3eP13S8D5m2cweMEg3ZDed,0.106,0.402,0.514,0.0,1.0,0.181,-7.322,0,0.0470999999999999,120.009,0.2,0.4091318181818182,0.8779666666666667,C#
3eh51r6rFWAlGQRlHx9QnQ,https://open.spotify.com/track/3eh51r6rFWAlGQRlHx9QnQ,0.0153,0.598,0.696,0.0,2.0,0.219,-4.789,1,0.112,91.057,0.209,0.2775318181818182,0.9201833333333334,D
3fDTzkvrOo5xQIO480Qmsb,https://open.spotify.com/track/3fDTzkvrOo5xQIO480Qmsb,0.0113,0.538,0.783,0.0,11.0,0.281,-2.565,0,0.222,75.388,0.553,0.2063090909090909,0.95725,B
3fgehc497TFqKH1zBL2YNK,https://open.spotify.com/track/3fgehc497TFqKH1zBL2YNK,0.00932,0.571,0.928,0.0,4.0,0.297,-3.725,0,0.0453,127.939,0.489,0.4451772727272727,0.9379166666666666,E
3g9UquSEBErZiXSDa02YfG,https://open.spotify.com/track/3g9UquSEBErZiXSDa02YfG,0.00122,0.8079999999999999,0.789,0.0,1.0,0.058,-7.266,1,0.0868,95.666,0.344,0.2984818181818182,0.8789,C#
3h5TiWTqGxjSjFrbruPFH9,https://open.spotify.com/track/3h5TiWTqGxjSjFrbruPFH9,0.128,0.66,0.727,1.31e-05,6.0,0.524,-4.028,0,0.0441,125.023,0.418,0.4319227272727272,0.9328666666666668,F#
3h76tbaYIamSeJL81X7ZwI,https://open.spotify.com/track/3h76tbaYIamSeJL81X7ZwI,0.104,0.711,0.48,1.55e-05,10.0,0.0894,-5.251,1,0.0365,107.948,0.352,0.3543090909090908,0.9124833333333334,A#
3hUxzQpSfdDqwM3ZTFQY0K,https://open.spotify.com/track/3hUxzQpSfdDqwM3ZTFQY0K,0.538,0.532,0.623,7.28e-05,5.0,0.0925,-9.208,1,0.0331,89.937,0.403,0.272440909090909,0.8465333333333334,F
3hlGuz3loYoLfI3bpwieWq,https://open.spotify.com/track/3hlGuz3loYoLfI3bpwieWq,0.717,0.485,0.562,0.0,2.0,0.357,-7.196999999999999,1,0.0346,105.953,0.297,0.3452409090909091,0.88005,D
3hxIUxnT27p5WcmjGUXNwx,https://open.spotify.com/track/3hxIUxnT27p5WcmjGUXNwx,0.325,0.485,0.4089999999999999,0.0,9.0,0.103,-10.711,0,0.1009999999999999,138.419,0.376,0.4928136363636364,0.8214833333333333,A
3iPIDAFybaoyqX7hvAfWkl,https://open.spotify.com/track/3iPIDAFybaoyqX7hvAfWkl,0.475,0.716,0.63,0.0,4.0,0.0943,-7.508999999999999,1,0.108,91.003,0.588,0.2772863636363636,0.87485,E
3it2BvJfyhPEWF3kD2TZJ1,unknown_href,0.2751393934602076,0.6354256055363322,0.6118322952710495,0.0142921726182237,5.047289504036909,0.1917657439446366,-7.028305651672434,0,0.1090111880046136,122.29604152249134,0.4638054209919262,0.4195274614658697,0.8828615724721262,C
3itgPtXSu4I9mr2QD6yrzP,https://open.spotify.com/track/3itgPtXSu4I9mr2QD6yrzP,0.678,0.415,0.404,1.95e-05,4.0,0.28,-9.331,1,0.0393,81.202,0.425,0.2327363636363636,0.8444833333333333,E
3j6CeoBBlm40Msn1JE1SPD,https://open.spotify.com/track/3j6CeoBBlm40Msn1JE1SPD,0.0187,0.742,0.757,0.0,6.0,0.305,-4.981,1,0.0421,139.982,0.957,0.4999181818181818,0.9169833333333332,F#
3jHdKaLCkuNEkWcLVmQPCX,https://open.spotify.com/track/3jHdKaLCkuNEkWcLVmQPCX,0.0861,0.596,0.575,0.000153,11.0,0.334,-8.325,0,0.0514,98.265,0.34,0.3102954545454545,0.86125,B
3kXoKlD84c6OmIcOLfrfEs,https://open.spotify.com/track/3kXoKlD84c6OmIcOLfrfEs,0.146,0.674,0.832,5.06e-06,9.0,0.138,-7.892,1,0.0308,125.996,0.981,0.4363454545454545,0.8684666666666666,A
3kfhS2L56Wj8fBcu7xE47H,https://open.spotify.com/track/3kfhS2L56Wj8fBcu7xE47H,0.0794,0.541,0.659,0.0,0.0,0.197,-7.539,1,0.154,102.417,0.301,0.3291681818181818,0.87435,C
3kx21xR6IboC9HVdajgBoc,https://open.spotify.com/track/3kx21xR6IboC9HVdajgBoc,0.0898,0.778,0.864,0.0,7.0,0.0901,-4.61,0,0.0907,130.17,0.961,0.4553181818181818,0.9231666666666668,G
3lXbHd0EoryoQh3vpevNEP,https://open.spotify.com/track/3lXbHd0EoryoQh3vpevNEP,0.142,0.638,0.831,0.0,8.0,0.113,-5.039,1,0.049,124.07099999999998,0.649,0.4275954545454544,0.9160166666666666,G#
3lcfs9Qjfxzy00VSVkixDv,https://open.spotify.com/track/3lcfs9Qjfxzy00VSVkixDv,0.209,0.818,0.51,0.0,2.0,0.211,-7.05,0,0.408,129.057,0.416,0.4502590909090908,0.8825000000000001,D
3m0y8qLoznUYi73SUBP8GI,https://open.spotify.com/track/3m0y8qLoznUYi73SUBP8GI,0.0103,0.788,0.8459999999999999,0.000281,4.0,0.26,-5.017,1,0.0372,115.636,0.738,0.3892545454545454,0.9163833333333332,E
3mRF0YNsDdFKFnxwg16hSz,https://open.spotify.com/track/3mRF0YNsDdFKFnxwg16hSz,0.223,0.785,0.691,1.74e-06,4.0,0.154,-3.119,0,0.0904,122.92,0.225,0.4223636363636364,0.9480166666666666,E
3mg9jYNC1NihbthlglzrWP,https://open.spotify.com/track/3mg9jYNC1NihbthlglzrWP,0.221,0.848,0.712,0.0,1.0,0.106,-3.574,0,0.0981,91.98,0.692,0.2817272727272727,0.9404333333333332,C#
3nAp4IvdMPPWEH9uuXFFV5,https://open.spotify.com/track/3nAp4IvdMPPWEH9uuXFFV5,0.0013,0.509,0.812,1.99e-05,8.0,0.214,-5.438,1,0.0537,159.876,0.689,0.5903454545454546,0.9093666666666668,G#
3nNmRE0DxHC6ZaKkrpUumS,https://open.spotify.com/track/3nNmRE0DxHC6ZaKkrpUumS,0.0869,0.847,0.724,1.11e-06,1.0,0.118,-5.41,1,0.298,94.60099999999998,0.396,0.293640909090909,0.9098333333333334,C#
3nQ24dxqvxZEVwlHTeuLz0,https://open.spotify.com/track/3nQ24dxqvxZEVwlHTeuLz0,0.0962,0.711,0.603,0.0,3.0,0.112,-7.815,1,0.0405,135.151,0.339,0.4779590909090909,0.86975,D#
3nrot8erPmV7L5BrPW9mVi,https://open.spotify.com/track/3nrot8erPmV7L5BrPW9mVi,0.00399,0.466,0.966,2.71e-05,0.0,0.287,-3.703,0,0.0401,92.52,0.674,0.2841818181818181,0.9382833333333332,C
3oZZfVvLJuDYc4Vn3A63Fw,https://open.spotify.com/track/3oZZfVvLJuDYc4Vn3A63Fw,0.0924,0.44,0.274,3.37e-06,5.0,0.128,-14.464000000000002,0,0.0809,76.513,0.343,0.2114227272727273,0.7589333333333333,F
3pv7Q5v2dpdefwdWIvE7yH,https://open.spotify.com/track/3pv7Q5v2dpdefwdWIvE7yH,0.0112,0.632,0.805,2.51e-05,7.0,0.156,-5.707,1,0.069,160.052,0.903,0.5911454545454545,0.9048833333333334,G
3qhlB30KknSejmIvZZLjOD,https://open.spotify.com/track/3qhlB30KknSejmIvZZLjOD,0.0351,0.689,0.454,0.00259,2.0,0.0707,-7.643,1,0.0584,159.982,0.912,0.5908272727272728,0.8726166666666667,D
3rUGC1vUpkDG9CZFHMur1t,https://open.spotify.com/track/3rUGC1vUpkDG9CZFHMur1t,0.261,0.749,0.729,0.0,6.0,0.113,-3.19,0,0.0321,111.004,0.816,0.3682,0.9468333333333334,F#
3sW3oSbzsfecv9XoUdGs7h,https://open.spotify.com/track/3sW3oSbzsfecv9XoUdGs7h,0.016,0.52,0.553,0.0,8.0,0.165,-3.546,1,0.0269,81.949,0.2269999999999999,0.2361318181818181,0.9409,G#
3siwsiaEoU4Kuuc9WKMUy5,https://open.spotify.com/track/3siwsiaEoU4Kuuc9WKMUy5,0.552,0.705,0.339,0.0814,7.0,0.12,-10.611999999999998,1,0.0278,97.989,0.4569999999999999,0.3090409090909091,0.8231333333333334,G
3t0ic4mkhvhamrKDkulB8v,https://open.spotify.com/track/3t0ic4mkhvhamrKDkulB8v,0.000374,0.555,0.729,0.000139,1.0,0.347,-5.062,1,0.0443,139.864,0.482,0.4993818181818182,0.9156333333333334,C#
3tFed7YsjGnIfxeLEQwx3R,https://open.spotify.com/track/3tFed7YsjGnIfxeLEQwx3R,0.285,0.505,0.812,0.0,1.0,0.444,-3.986,1,0.4609999999999999,80.09,0.664,0.2276818181818182,0.9335666666666668,C#
3uC4r2daXertBxxc8BpbbN,https://open.spotify.com/track/3uC4r2daXertBxxc8BpbbN,0.0754,0.412,0.377,1.58e-06,1.0,0.14,-7.589999999999999,1,0.029,139.676,0.172,0.4985272727272726,0.8735,C#
3vkCueOmm7xQDoJ17W1Pm3,unknown_href,0.2751393934602076,0.6354256055363322,0.6118322952710495,0.0142921726182237,5.047289504036909,0.1917657439446366,-7.028305651672434,0,0.1090111880046136,122.29604152249134,0.4638054209919262,0.4195274614658697,0.8828615724721262,C
3w9WvHLKSXOsW6aAw0yr1n,https://open.spotify.com/track/3w9WvHLKSXOsW6aAw0yr1n,0.0547999999999999,0.709,0.6709999999999999,0.0,1.0,0.144,-4.301,0,0.196,146.058,0.511,0.5275363636363636,0.9283166666666668,C#
3xKsf9qdS1CyvXSMEid6g8,https://open.spotify.com/track/3xKsf9qdS1CyvXSMEid6g8,0.667,0.545,0.545,5.48e-05,9.0,0.417,-7.362,1,0.107,159.94,0.549,0.5906363636363636,0.8773,A
3xOi0YhDREKRURFHoNaAOQ,unknown_href,0.2751393934602076,0.6354256055363322,0.6118322952710495,0.0142921726182237,5.047289504036909,0.1917657439446366,-7.028305651672434,0,0.1090111880046136,122.29604152249134,0.4638054209919262,0.4195274614658697,0.8828615724721262,C
3xYJScVfxByb61dYHTwiby,unknown_href,0.2751393934602076,0.6354256055363322,0.6118322952710495,0.0142921726182237,5.047289504036909,0.1917657439446366,-7.028305651672434,0,0.1090111880046136,122.29604152249134,0.4638054209919262,0.4195274614658697,0.8828615724721262,C
3xdjjKMcMOFgo1eQrfbogM,https://open.spotify.com/track/3xdjjKMcMOFgo1eQrfbogM,0.455,0.535,0.66,0.0,9.0,0.135,-7.174,1,0.0297,148.044,0.577,0.5365636363636365,0.8804333333333333,A
3xkHsmpQCBMytMJNiDf3Ii,https://open.spotify.com/track/3xkHsmpQCBMytMJNiDf3Ii,0.151,0.472,0.471,0.0,10.0,0.14,-5.692,1,0.0602999999999999,105.029,0.219,0.341040909090909,0.9051333333333332,A#
3yNJkriPzWjkkDAWHIAVUq,https://open.spotify.com/track/3yNJkriPzWjkkDAWHIAVUq,0.42,0.539,0.475,0.0,0.0,0.109,-8.411,1,0.0287,159.824,0.293,0.5901090909090909,0.8598166666666667,C
3ySqZ8yGoh4Emi9HiPCCdP,https://open.spotify.com/track/3ySqZ8yGoh4Emi9HiPCCdP,5.98e-05,0.389,0.962,0.623,2.0,0.331,-4.772,0,0.248,183.049,0.155,0.6956772727272728,0.9204666666666668,D
3yn01PcU95PTbiZ3xvop2j,https://open.spotify.com/track/3yn01PcU95PTbiZ3xvop2j,0.703,0.485,0.215,3.55e-06,0.0,0.115,-12.124,1,0.0348,172.122,0.159,0.646009090909091,0.7979333333333333,C
3yw3m8wgRB4ptDyAvtdhq5,https://open.spotify.com/track/3yw3m8wgRB4ptDyAvtdhq5,0.811,0.4629999999999999,0.541,6.61e-05,1.0,0.125,-6.594,1,0.0385,95.827,0.307,0.2992136363636363,0.8901,C#
3z91ibrazNnusM2nSVY2NR,https://open.spotify.com/track/3z91ibrazNnusM2nSVY2NR,0.286,0.454,0.767,0.0,4.0,0.315,-6.834,0,0.317,76.01,0.682,0.2091363636363636,0.8861,E
3zMDGj4D8ogaYgAIZPeU7S,https://open.spotify.com/track/3zMDGj4D8ogaYgAIZPeU7S,0.805,0.342,0.376,0.0,0.0,0.0593,-8.212,1,0.0372,176.859,0.29,0.6675409090909091,0.8631333333333333,C
3zyjnHtoi8AtiGgZFnJP7O,https://open.spotify.com/track/3zyjnHtoi8AtiGgZFnJP7O,0.657,0.748,0.496,0.0,8.0,0.222,-8.602,1,0.144,142.009,0.525,0.5091318181818181,0.8566333333333332,G#
40EXFgNMOIQRQOwJZ8mJkC,https://open.spotify.com/track/40EXFgNMOIQRQOwJZ8mJkC,0.156,0.732,0.736,0.0,11.0,0.124,-4.607,0,0.323,76.656,0.87,0.2120727272727273,0.9232166666666668,B
41WQUSINanQHfhfKpFDsms,https://open.spotify.com/track/41WQUSINanQHfhfKpFDsms,0.582,0.626,0.63,0.0,4.0,0.13,-3.834,1,0.0377,147.029,0.421,0.53195,0.9361,E
41bmnQZoDMQdDh5zyomtW7,https://open.spotify.com/track/41bmnQZoDMQdDh5zyomtW7,0.067,0.731,0.6049999999999999,7.7e-06,1.0,0.177,-5.01,1,0.19,132.946,0.413,0.4679363636363636,0.9165,C#
42GhSb1Rca49SbHhunbc0z,https://open.spotify.com/track/42GhSb1Rca49SbHhunbc0z,0.0592,0.691,0.492,0.0,1.0,0.176,-4.996,1,0.0616,147.979,0.445,0.5362681818181819,0.9167333333333332,C#
42TtHTxWk782ZBiqyOi2d1,unknown_href,0.2751393934602076,0.6354256055363322,0.6118322952710495,0.0142921726182237,5.047289504036909,0.1917657439446366,-7.028305651672434,0,0.1090111880046136,122.29604152249134,0.4638054209919262,0.4195274614658697,0.8828615724721262,C
42VsgItocQwOQC3XWZ8JNA,https://open.spotify.com/track/42VsgItocQwOQC3XWZ8JNA,0.0316,0.569,0.8820000000000001,0.0,3.0,0.142,-2.777,0,0.06,148.038,0.201,0.5365363636363637,0.9537166666666668,D#
4356Typ82hUiFAynbLYbPn,https://open.spotify.com/track/4356Typ82hUiFAynbLYbPn,0.0338,0.663,0.861,0.0,7.0,0.082,-3.398,0,0.109,119.963,0.654,0.4089227272727272,0.9433666666666666,G
436qIub7mPZxBE0zrgQMuf,https://open.spotify.com/track/436qIub7mPZxBE0zrgQMuf,0.053,0.962,0.4799999999999999,0.000104,4.0,0.0831,-9.081,1,0.126,122.06,0.391,0.4184545454545454,0.8486499999999999,E
43iIQbw5hx986dUEZbr3eN,https://open.spotify.com/track/43iIQbw5hx986dUEZbr3eN,0.886,0.554,0.339,0.00128,1.0,0.11,-10.088,1,0.0779,80.994,0.83,0.2317909090909091,0.8318666666666666,C#
43y1WpBdnEy5TR9aZoSQL9,https://open.spotify.com/track/43y1WpBdnEy5TR9aZoSQL9,0.00388,0.671,0.853,9.48e-06,0.0,0.0812,-6.568,1,0.0417,118.032,0.523,0.4001454545454545,0.8905333333333334,C
444vevlQjTnKioLLncteGv,https://open.spotify.com/track/444vevlQjTnKioLLncteGv,0.000263,0.433,0.777,0.0,11.0,0.366,-5.105,0,0.0435,135.335,0.247,0.4787954545454546,0.9149166666666666,B
44IXD2J5yyr7PpOZzz2cmQ,https://open.spotify.com/track/44IXD2J5yyr7PpOZzz2cmQ,0.8409999999999999,0.6,0.41,0.0,1.0,0.433,-10.788000000000002,0,0.395,104.337,0.312,0.3378954545454545,0.8201999999999999,C#
44gmXwbdHjwQsQvsiraj14,https://open.spotify.com/track/44gmXwbdHjwQsQvsiraj14,0.5,0.773,0.634,1.98e-06,5.0,0.128,-5.165,1,0.0861,95.502,0.521,0.2977363636363636,0.9139166666666668,F
45J4avUb9Ni0bnETYaYFVJ,https://open.spotify.com/track/45J4avUb9Ni0bnETYaYFVJ,0.251,0.707,0.575,0.0,2.0,0.248,-7.546,1,0.125,138.008,0.576,0.4909454545454546,0.8742333333333333,D
45wMBGri1PORPjM9PwFfrS,https://open.spotify.com/track/45wMBGri1PORPjM9PwFfrS,0.0901,0.732,0.719,0.0,0.0,0.331,-5.469,1,0.0645,96.035,0.71,0.3001590909090909,0.90885,C
46YjJXVXWHlQ21odKktg5e,https://open.spotify.com/track/46YjJXVXWHlQ21odKktg5e,0.0125,0.782,0.787,5.97e-05,9.0,0.112,-2.533,1,0.0334,122.021,0.533,0.4182772727272727,0.9577833333333332,A
47Xj8eIAp7hYOOqArmkqZE,https://open.spotify.com/track/47Xj8eIAp7hYOOqArmkqZE,0.795,0.622,0.444,0.0,4.0,0.152,-6.06,1,0.027,141.952,0.603,0.5088727272727273,0.8989999999999999,E
47ohYW8e7dxCYn9qbUMBCI,https://open.spotify.com/track/47ohYW8e7dxCYn9qbUMBCI,0.395,0.325,0.759,0.000362,8.0,0.0773,-7.146,1,0.053,126.627,0.36,0.4392136363636363,0.8809,G#
47otoIkhx3fkdivEXL5OB6,https://open.spotify.com/track/47otoIkhx3fkdivEXL5OB6,0.671,0.671,0.275,0.0,0.0,0.199,-12.755,1,0.0385,152.649,0.806,0.5574954545454546,0.7874166666666667,C
47yD0e9MCRIB8dgUXPfyW3,https://open.spotify.com/track/47yD0e9MCRIB8dgUXPfyW3,0.263,0.853,0.533,0.00406,4.0,0.134,-6.647,1,0.126,123.066,0.306,0.4230272727272727,0.8892166666666667,E
486YUqcmF9IWPkreU0THcQ,https://open.spotify.com/track/486YUqcmF9IWPkreU0THcQ,0.771,0.384,0.1769999999999999,0.0,2.0,0.0943,-11.755,0,0.0418,175.953,0.59,0.6634227272727273,0.8040833333333333,D
48UKTR66uUOT9LaUvooTNx,https://open.spotify.com/track/48UKTR66uUOT9LaUvooTNx,0.0226,0.608,0.745,6.47e-06,1.0,0.0941999999999999,-4.13,1,0.0277,102.025,0.464,0.3273863636363636,0.9311666666666666,C#
4ABYxlb92WBIjHu7TIKmml,https://open.spotify.com/track/4ABYxlb92WBIjHu7TIKmml,0.342,0.578,0.565,0.0,7.0,0.0662,-8.064,1,0.0440999999999999,147.781,0.351,0.5353681818181818,0.8656,G
4BP3uh0hFLFRb5cjsgLqDh,https://open.spotify.com/track/4BP3uh0hFLFRb5cjsgLqDh,0.201,0.64,0.663,0.00806,0.0,0.152,-7.516,1,0.0374,132.77,0.663,0.4671363636363637,0.8747333333333334,C
4BSR9I4ExlCJdXJo2GpBD5,https://open.spotify.com/track/4BSR9I4ExlCJdXJo2GpBD5,0.46,0.503,0.658,0.0,6.0,0.3819999999999999,-5.823,0,0.154,121.784,0.515,0.4172,0.90295,F#
4CD5aJNhq5fGYu3QaHJrm8,https://open.spotify.com/track/4CD5aJNhq5fGYu3QaHJrm8,0.8690000000000001,0.42,0.297,0.000282,1.0,0.112,-11.069,1,0.0502999999999999,82.876,0.204,0.2403454545454545,0.8155166666666667,C#
4CIyxiObT9G35HrSItAblR,https://open.spotify.com/track/4CIyxiObT9G35HrSItAblR,0.0684,0.727,0.637,0.000294,8.0,0.131,-5.185,1,0.0779,131.997,0.215,0.4636227272727273,0.9135833333333332,G#
4CNL4GBNTdVIU5Nk6hB4LC,unknown_href,0.2751393934602076,0.6354256055363322,0.6118322952710495,0.0142921726182237,5.047289504036909,0.1917657439446366,-7.028305651672434,0,0.1090111880046136,122.29604152249134,0.4638054209919262,0.4195274614658697,0.8828615724721262,C
4CcozggmhXmndssEDH6YHR,https://open.spotify.com/track/4CcozggmhXmndssEDH6YHR,0.8150000000000001,0.47,0.229,0.0,4.0,0.172,-11.028,1,0.0406,113.404,0.213,0.3791090909090909,0.8162,E
4CdAc7V4hUe1cuJAjnPpSQ,https://open.spotify.com/track/4CdAc7V4hUe1cuJAjnPpSQ,0.121,0.7060000000000001,0.603,1.76e-06,0.0,0.543,-6.421,0,0.0672,100.018,0.3729999999999999,0.3182636363636363,0.8929833333333334,C
4Dk42ykoREkq82ny0mWZnU,https://open.spotify.com/track/4Dk42ykoREkq82ny0mWZnU,0.295,0.529,0.735,0.0,9.0,0.112,-3.905,1,0.153,76.209,0.617,0.2100409090909091,0.9349166666666666,A
4Dvkj6JhhA12EX05fT7y2e,https://open.spotify.com/track/4Dvkj6JhhA12EX05fT7y2e,0.342,0.52,0.731,0.00101,6.0,0.311,-5.338,0,0.0556999999999999,173.93,0.662,0.6542272727272728,0.9110333333333334,F#
4Dx4e0X5dR6TW85dtFU42x,https://open.spotify.com/track/4Dx4e0X5dR6TW85dtFU42x,0.51,0.676,0.607,0.00143,6.0,0.12,-4.792,1,0.372,170.047,0.601,0.6365772727272727,0.9201333333333334,F#
4E2fOeF5A6onC10OtnjXJa,https://open.spotify.com/track/4E2fOeF5A6onC10OtnjXJa,0.121,0.488,0.586,0.0,7.0,0.354,-7.868,1,0.0987,158.405,0.533,0.583659090909091,0.8688666666666667,G
4E63weMCaNZuGPEFMnuEi8,https://open.spotify.com/track/4E63weMCaNZuGPEFMnuEi8,0.173,0.821,0.575,0.000242,5.0,0.114,-6.57,0,0.0589,136.962,0.611,0.486190909090909,0.8905,F
4E64eAph6AYI98ucunrGH8,https://open.spotify.com/track/4E64eAph6AYI98ucunrGH8,0.381,0.875,0.645,0.00537,7.0,0.11,-6.017,0,0.163,96.974,0.317,0.3044272727272727,0.8997166666666666,G
4EF6IyONolQy0bIQXm2EmX,https://open.spotify.com/track/4EF6IyONolQy0bIQXm2EmX,0.655,0.352,0.479,0.0,2.0,0.0935,-8.942,1,0.0583,172.013,0.292,0.6455136363636363,0.8509666666666666,D
4EWCNWgDS8707fNSZ1oaA5,https://open.spotify.com/track/4EWCNWgDS8707fNSZ1oaA5,0.0515,0.79,0.6469999999999999,0.0,10.0,0.248,-5.9830000000000005,0,0.136,87.99899999999998,0.654,0.2636318181818181,0.9002833333333332,A#
4FyesJzVpA39hbYvcseO2d,https://open.spotify.com/track/4FyesJzVpA39hbYvcseO2d,0.0652,0.486,0.545,0.00474,11.0,0.0642,-7.924,1,0.0336,150.187,0.0385,0.5463045454545455,0.8679333333333333,B
4GL9GMX9t7Qkprvf1YighZ,https://open.spotify.com/track/4GL9GMX9t7Qkprvf1YighZ,0.000779,0.682,0.764,0.0089,1.0,0.373,-6.314,1,0.0327,125.018,0.248,0.4319,0.8947666666666667,C#
4HEOgBHRCExyYVeTyrXsnL,https://open.spotify.com/track/4HEOgBHRCExyYVeTyrXsnL,0.727,0.511,0.34,0.0,8.0,0.0977,-13.119,1,0.049,174.661,0.9519999999999998,0.65755,0.78135,G#
4HMUrFl8y6rQCzEbaGEkcj,https://open.spotify.com/track/4HMUrFl8y6rQCzEbaGEkcj,0.697,0.577,0.657,3.2e-06,0.0,0.116,-6.486,1,0.129,180.727,0.437,0.6851227272727273,0.8919,C
4I4G0LD277PWvfblYtSf91,https://open.spotify.com/track/4I4G0LD277PWvfblYtSf91,0.273,0.8099999999999999,0.5889999999999999,0.00133,7.0,0.141,-7.271,1,0.103,109.997,0.347,0.3636227272727272,0.8788166666666667,G
4IcbUXrAzBtn6iUO1LP471,https://open.spotify.com/track/4IcbUXrAzBtn6iUO1LP471,0.0195,0.848,0.625,0.0,1.0,0.109,-7.64,1,0.0587,93.019,0.226,0.28645,0.8726666666666667,C#
4J9WveqdoaEUQu1aeoSH9X,https://open.spotify.com/track/4J9WveqdoaEUQu1aeoSH9X,0.114,0.449,0.697,0.0,11.0,0.241,-5.342,1,0.323,83.699,0.242,0.2440863636363636,0.9109666666666668,B
4Jc7252S1P99DjQ1lNGEOc,https://open.spotify.com/track/4Jc7252S1P99DjQ1lNGEOc,0.371,0.704,0.905,2.09e-06,6.0,0.107,-4.948,0,0.338,151.823,0.0991,0.5537409090909091,0.9175333333333332,F#
4K1Pg0FLno1ltzX3jeqT83,https://open.spotify.com/track/4K1Pg0FLno1ltzX3jeqT83,0.0552,0.796,0.536,0.0,6.0,0.112,-7.93,1,0.109,83.492,0.662,0.2431454545454545,0.8678333333333333,F#
4KULAymBBJcPRpk1yO4dOG,https://open.spotify.com/track/4KULAymBBJcPRpk1yO4dOG,0.554,0.429,0.453,2e-06,0.0,0.102,-7.745999999999999,1,0.0459,77.63900000000001,0.155,0.2165409090909091,0.8709000000000001,C
4KW1lqgSr8TKrvBII0Brf8,https://open.spotify.com/track/4KW1lqgSr8TKrvBII0Brf8,0.118,0.724,0.573,0.0,7.0,0.538,-4.113,1,0.0548999999999999,113.088,0.438,0.3776727272727272,0.93145,G
4MTuL20LF3pWebeJbcNh7p,https://open.spotify.com/track/4MTuL20LF3pWebeJbcNh7p,0.637,0.637,0.313,1.84e-06,7.0,0.104,-7.629,1,0.0305,91.903,0.279,0.2813772727272727,0.87285,G
4MXzdffMz78GLlLM7mDa9v,https://open.spotify.com/track/4MXzdffMz78GLlLM7mDa9v,0.502,0.584,0.427,4.61e-06,1.0,0.114,-8.685,1,0.0314,82.03,0.535,0.2365,0.85525,C#
4MjDJD8cW7iVeWInc2Bdyj,https://open.spotify.com/track/4MjDJD8cW7iVeWInc2Bdyj,0.15,0.787,0.621,0.000402,4.0,0.58,-5.009,0,0.068,139.056,0.13,0.495709090909091,0.9165166666666666,E
4MrfQL4TYQXJBlZYpAHTuE,https://open.spotify.com/track/4MrfQL4TYQXJBlZYpAHTuE,0.88,0.439,0.196,0.0,0.0,0.0512999999999999,-16.093,1,0.0601,129.581,0.525,0.452640909090909,0.7317833333333332,C
4Na2HfNSr58chvfX69fy36,https://open.spotify.com/track/4Na2HfNSr58chvfX69fy36,0.0872,0.915,0.453,0.000163,10.0,0.104,-4.589,0,0.27,139.943,0.287,0.4997409090909091,0.9235166666666668,A#
4NioO5R9sHEZh4cGzMHyNt,https://open.spotify.com/track/4NioO5R9sHEZh4cGzMHyNt,0.0684,0.632,0.539,5.82e-06,4.0,0.132,-8.375,1,0.0342,109.962,0.1859999999999999,0.3634636363636364,0.8604166666666667,E
4PS1e8f2LvuTFgUs1Cn3ON,https://open.spotify.com/track/4PS1e8f2LvuTFgUs1Cn3ON,0.92,0.32,0.21,8.01e-05,6.0,0.138,-15.231000000000002,1,0.0345,73.196,0.208,0.1963454545454545,0.74615,F#
4PdLaGZubp4lghChqp8erB,https://open.spotify.com/track/4PdLaGZubp4lghChqp8erB,0.0483,0.604,0.428,0.0,0.0,0.126,-8.441,1,0.0255,110.259,0.292,0.3648136363636363,0.8593166666666666,C
4Q9qkdqu0qKKjaftRrAK9C,https://open.spotify.com/track/4Q9qkdqu0qKKjaftRrAK9C,0.708,0.618,0.286,0.0499,7.0,0.134,-10.716,1,0.0264,97.991,0.349,0.30905,0.8214,G
4QMgEffJQuKtjCNvqfRZ0m,https://open.spotify.com/track/4QMgEffJQuKtjCNvqfRZ0m,0.384,0.521,0.72,0.0,4.0,0.135,-7.684,1,0.104,79.943,0.438,0.2270136363636363,0.8719333333333333,E
4QTlxavdQGUVitxAvQqqkU,https://open.spotify.com/track/4QTlxavdQGUVitxAvQqqkU,0.028,0.93,0.682,0.0,9.0,0.129,-8.799,1,0.331,126.003,0.962,0.4363772727272727,0.85335,A
4Qay2jEWJYjXmJ8eNOGtaD,https://open.spotify.com/track/4Qay2jEWJYjXmJ8eNOGtaD,0.0154,0.566,0.635,6.33e-06,1.0,0.834,-6.989,1,0.0343,149.993,0.1989999999999999,0.5454227272727272,0.8835166666666667,C#
4R2kfaDFhslZEMJqAFNpdd,https://open.spotify.com/track/4R2kfaDFhslZEMJqAFNpdd,0.537,0.613,0.581,0.0003449999999999,0.0,0.25,-8.588,0,0.0424,130.033,0.551,0.4546954545454545,0.8568666666666667,C
4S8PxReB1UiDR2F5x1lyIR,https://open.spotify.com/track/4S8PxReB1UiDR2F5x1lyIR,0.55,0.479,0.802,0.00045,5.0,0.11,-6.252,1,0.309,74.98,0.602,0.2044545454545454,0.8957999999999999,F
4Sb8neYCkT7lyMIo2kOOEC,unknown_href,0.2751393934602076,0.6354256055363322,0.6118322952710495,0.0142921726182237,5.047289504036909,0.1917657439446366,-7.028305651672434,0,0.1090111880046136,122.29604152249134,0.4638054209919262,0.4195274614658697,0.8828615724721262,C
4TJUS843fKiqqIzycM74Oy,https://open.spotify.com/track/4TJUS843fKiqqIzycM74Oy,0.441,0.618,0.672,1.49e-06,7.0,0.214,-7.92,1,0.0353,133.439,0.705,0.4701772727272727,0.868,G
4UwqOWDpdeIDVQDuKT6iza,https://open.spotify.com/track/4UwqOWDpdeIDVQDuKT6iza,0.572,0.554,0.509,2.08e-06,2.0,0.113,-9.403,1,0.0455,85.079,0.401,0.2503590909090908,0.8432833333333334,D
4XF9fk0STp9hx8xn5Suwpz,https://open.spotify.com/track/4XF9fk0STp9hx8xn5Suwpz,0.00147,0.851,0.647,0.00251,9.0,0.498,-6.336,1,0.171,126.016,0.318,0.4364363636363637,0.8944,A
4Xzq2WibDHR5Eufi21HlEZ,https://open.spotify.com/track/4Xzq2WibDHR5Eufi21HlEZ,0.0441,0.607,0.762,0.0,7.0,0.348,-5.305,1,0.0676,144.961,0.428,0.5225500000000001,0.9115833333333332,G
4YLizxRQsTqqnvzzYq2VaE,https://open.spotify.com/track/4YLizxRQsTqqnvzzYq2VaE,0.0082,0.736,0.683,0.0,1.0,0.161,-5.5,1,0.152,129.893,0.233,0.4540590909090909,0.9083333333333332,C#
4YQImHflXSiIMXntcwPkx8,https://open.spotify.com/track/4YQImHflXSiIMXntcwPkx8,0.0935,0.726,0.747,0.0,4.0,0.0312,-4.644,0,0.377,121.92799999999998,0.8889999999999999,0.4178545454545453,0.9226,E
4Yg2w0P29BBBMixyeNjDtj,https://open.spotify.com/track/4Yg2w0P29BBBMixyeNjDtj,0.164,0.598,0.643,3.35e-05,0.0,0.0992,-6.933,1,0.0364,115.41,0.349,0.3882272727272727,0.88445,C
4ZJ4vzLQekI0WntDbanNC7,https://open.spotify.com/track/4ZJ4vzLQekI0WntDbanNC7,0.191,0.525,0.488,5.14e-05,0.0,0.135,-6.909,1,0.038,84.999,0.253,0.2499954545454545,0.88485,C
4ZT0wGKwlJRjpMUuwZVy3p,https://open.spotify.com/track/4ZT0wGKwlJRjpMUuwZVy3p,0.0149,0.566,0.564,0.0,10.0,0.104,-7.88,0,0.277,139.92,0.0667,0.4996363636363636,0.8686666666666666,A#
4Zj2uX6ApCFK9XzjwIhCIr,https://open.spotify.com/track/4Zj2uX6ApCFK9XzjwIhCIr,0.385,0.302,0.584,5.22e-05,1.0,0.089,-6.242,1,0.063,199.804,0.159,0.7718363636363637,0.8959666666666667,C#
4ZnkygoWLzcGbQYCm3lkae,https://open.spotify.com/track/4ZnkygoWLzcGbQYCm3lkae,0.00242,0.728,0.841,9.09e-05,10.0,0.106,-7.682,0,0.0566999999999999,125.991,0.402,0.4363227272727272,0.8719666666666667,A#
4Zsi5pyvmZBxvRg0KeDFMC,https://open.spotify.com/track/4Zsi5pyvmZBxvRg0KeDFMC,0.0342,0.65,0.565,0.0,8.0,0.111,-6.597,0,0.225,163.281,0.377,0.6058227272727273,0.89005,G#
4b7vk8SRcYgnxpk0JOIS7r,https://open.spotify.com/track/4b7vk8SRcYgnxpk0JOIS7r,0.525,0.593,0.559,0.00133,1.0,0.121,-8.104,0,0.0571,139.982,0.0729,0.4999181818181818,0.8649333333333333,C#
4d1CG5ei1E2vGbvmgf5KKv,https://open.spotify.com/track/4d1CG5ei1E2vGbvmgf5KKv,0.302,0.47,0.494,0.0,4.0,0.0672,-8.672,1,0.0349,144.039,0.0524,0.5183590909090908,0.8554666666666667,E
4d9PtIEVij9jW5OaLinH66,https://open.spotify.com/track/4d9PtIEVij9jW5OaLinH66,0.636,0.686,0.318,0.00144,7.0,0.106,-11.046,1,0.0262999999999999,104.088,0.214,0.3367636363636363,0.8159,G
4daEMLSZCgZ2Mt7gNm2SRa,https://open.spotify.com/track/4daEMLSZCgZ2Mt7gNm2SRa,0.4919999999999999,0.64,0.6089999999999999,2.47e-06,1.0,0.152,-7.714,0,0.304,131.889,0.393,0.4631318181818182,0.8714333333333334,C#
4dsdSwSdBWjlsVzU6iJs3b,https://open.spotify.com/track/4dsdSwSdBWjlsVzU6iJs3b,0.861,0.377,0.33,0.0,8.0,0.318,-9.476,1,0.0525,84.624,0.574,0.248290909090909,0.8420666666666666,G#
4e3ZNTAV6PCrdYMUrUlMpQ,https://open.spotify.com/track/4e3ZNTAV6PCrdYMUrUlMpQ,0.018,0.547,0.854,0.0,7.0,0.156,-4.753,1,0.0526,131.068,0.26,0.4594,0.9207833333333332,G
4evLyY5Ue1Wesc61t2KXAU,https://open.spotify.com/track/4evLyY5Ue1Wesc61t2KXAU,0.00207,0.537,0.733,0.0,7.0,0.11,-3.506,1,0.0302,131.898,0.347,0.4631727272727272,0.9415666666666668,G
4f9wNNZET9wH7eMBgONd3d,https://open.spotify.com/track/4f9wNNZET9wH7eMBgONd3d,0.0211,0.841,0.624,0.0,4.0,0.0788,-5.502,0,0.0419,120.03,0.93,0.4092272727272727,0.9083,E
4h6iaiMchTUHlK5ovMiJ3h,https://open.spotify.com/track/4h6iaiMchTUHlK5ovMiJ3h,0.549,0.466,0.434,1.3e-05,9.0,0.18,-8.559,1,0.0382,72.403,0.127,0.1927409090909091,0.8573500000000001,A
4h9wh7iOZ0GGn8QVp4RAOB,https://open.spotify.com/track/4h9wh7iOZ0GGn8QVp4RAOB,0.0826,0.7040000000000001,0.797,0.000745,0.0,0.0546,-5.927,1,0.0475,139.994,0.8249999999999998,0.4999727272727273,0.9012166666666668,C
4hqJ4bSlYJOXb6Z4SRmzxs,https://open.spotify.com/track/4hqJ4bSlYJOXb6Z4SRmzxs,0.0162,0.38,0.628,0.0,0.0,0.227,-4.054,1,0.038,203.826,0.0984,0.7901181818181818,0.9324333333333332,C
4i6cwNY6oIUU2XZxPIw82Y,unknown_href,0.2751393934602076,0.6354256055363322,0.6118322952710495,0.0142921726182237,5.047289504036909,0.1917657439446366,-7.028305651672434,0,0.1090111880046136,122.29604152249134,0.4638054209919262,0.4195274614658697,0.8828615724721262,C
4iVmy1j5C3XNxpN11RXRaO,https://open.spotify.com/track/4iVmy1j5C3XNxpN11RXRaO,0.143,0.514,0.55,0.0,11.0,0.114,-8.967,0,0.616,79.76,0.567,0.2261818181818182,0.85055,B
4iZ4pt7kvcaH6Yo8UoZ4s2,https://open.spotify.com/track/4iZ4pt7kvcaH6Yo8UoZ4s2,0.141,0.559,0.551,0.0,5.0,0.11,-7.231,1,0.132,143.008,0.392,0.5136727272727273,0.8794833333333333,F
4k6Uh1HXdhtusDW5y8Gbvy,https://open.spotify.com/track/4k6Uh1HXdhtusDW5y8Gbvy,0.613,0.686,0.494,5.8e-05,1.0,0.402,-7.093,1,0.0355,168.946,0.7,0.6315727272727273,0.8817833333333333,C#
4kKdvXD0ez7jp1296JmAts,https://open.spotify.com/track/4kKdvXD0ez7jp1296JmAts,0.903,0.652,0.259,0.0,2.0,0.362,-13.336,1,0.0595,142.169,0.836,0.509859090909091,0.7777333333333334,D
4kjI1gwQZRKNDkw1nI475M,https://open.spotify.com/track/4kjI1gwQZRKNDkw1nI475M,0.651,0.455,0.621,2.59e-06,0.0,0.1229999999999999,-7.694,0,0.0517,119.043,0.28,0.4047409090909091,0.8717666666666666,C
4l1naE7FrhvBrEkNjtGbSB,https://open.spotify.com/track/4l1naE7FrhvBrEkNjtGbSB,0.00834,0.604,0.968,0.0,1.0,0.349,-3.417,1,0.0511,127.974,0.614,0.4453363636363636,0.94305,C#
4l4OfcR9UPPT06BINAxbiA,https://open.spotify.com/track/4l4OfcR9UPPT06BINAxbiA,0.852,0.263,0.202,0.00554,4.0,0.126,-14.356,1,0.034,137.982,0.0995,0.4908272727272727,0.7607333333333333,E
4lMyi03aRk8nPBLLGyqAVz,https://open.spotify.com/track/4lMyi03aRk8nPBLLGyqAVz,0.015,0.908,0.757,0.0,11.0,0.0673,-3.889,0,0.0606,106.031,0.577,0.3455954545454546,0.9351833333333333,B
4lej3a8HHt3ah75o2iwJLt,unknown_href,0.2751393934602076,0.6354256055363322,0.6118322952710495,0.0142921726182237,5.047289504036909,0.1917657439446366,-7.028305651672434,0,0.1090111880046136,122.29604152249134,0.4638054209919262,0.4195274614658697,0.8828615724721262,C
4lriIG2vNqwDWzOj2I9rtj,https://open.spotify.com/track/4lriIG2vNqwDWzOj2I9rtj,0.00465,0.678,0.604,0.000936,4.0,0.278,-7.926,0,0.0962,88.0,0.374,0.2636363636363636,0.8679,E
4mHM5d2fK3n8xgymjf92w2,https://open.spotify.com/track/4mHM5d2fK3n8xgymjf92w2,0.729,0.702,0.552,0.0,6.0,0.332,-8.261,1,0.0647,114.991,0.296,0.3863227272727272,0.8623166666666667,F#
4mahloUW5K6KeGijwnMGDr,https://open.spotify.com/track/4mahloUW5K6KeGijwnMGDr,1.92e-05,0.501,0.85,0.0,0.0,0.347,-4.591,1,0.0688,145.834,0.416,0.5265181818181819,0.9234833333333332,C
4muwDurKeVOB1WBjTVRWlD,https://open.spotify.com/track/4muwDurKeVOB1WBjTVRWlD,0.00385,0.7319999999999999,0.6,0.000114,6.0,0.112,-9.057,0,0.241,167.973,0.436,0.6271500000000001,0.84905,F#
4nHJcUtNSUVjXRnjdP29Bk,https://open.spotify.com/track/4nHJcUtNSUVjXRnjdP29Bk,0.556,0.586,0.358,0.0,7.0,0.11,-9.761,1,0.0308,169.925,0.365,0.6360227272727274,0.8373166666666667,G
4nVBt6MZDDP6tRVdQTgxJg,https://open.spotify.com/track/4nVBt6MZDDP6tRVdQTgxJg,0.225,0.6,0.663,0.0,3.0,0.119,-5.802,1,0.0477,121.07,0.286,0.4139545454545454,0.9033,D#
4oEf84vBYVftf6KmZexhVo,https://open.spotify.com/track/4oEf84vBYVftf6KmZexhVo,0.132,0.488,0.644,4.01e-05,3.0,0.105,-8.127,1,0.051,121.861,0.33,0.41755,0.8645499999999999,D#
4pCbJC43j3gSqG6Fen6upD,https://open.spotify.com/track/4pCbJC43j3gSqG6Fen6upD,0.4939999999999999,0.583,0.351,0.0,0.0,0.368,-5.836,1,0.0305999999999999,79.014,0.462,0.222790909090909,0.9027333333333334,C
4pcafPzLDSqQktqSpxHL3E,https://open.spotify.com/track/4pcafPzLDSqQktqSpxHL3E,0.496,0.552,0.744,0.0,4.0,0.112,-2.656,0,0.124,156.027,0.627,0.57285,0.9557333333333332,E
4ppKM7xnkSAwSyKqD4QTY4,https://open.spotify.com/track/4ppKM7xnkSAwSyKqD4QTY4,0.112,0.672,0.663,0.0,3.0,0.134,-5.984,1,0.243,184.057,0.381,0.7002590909090909,0.9002666666666667,D#
4q5YezDOIPcoLr8R81x9qy,https://open.spotify.com/track/4q5YezDOIPcoLr8R81x9qy,0.123,0.701,0.751,0.0,0.0,0.15,-8.39,1,0.0502,129.994,0.22,0.4545181818181818,0.8601666666666666,C
4q7y1JFDBJSBSLqXVgcI51,https://open.spotify.com/track/4q7y1JFDBJSBSLqXVgcI51,0.231,0.777,0.463,4.29e-06,10.0,0.3659999999999999,-7.573,0,0.242,105.998,0.18,0.3454454545454545,0.8737833333333334,A#
4qSEvFGCpde73gqIuq3sho,https://open.spotify.com/track/4qSEvFGCpde73gqIuq3sho,0.604,0.801,0.6450000000000001,0.0,6.0,0.118,-5.605,0,0.0706,119.93500000000002,0.528,0.4087954545454546,0.9065833333333332,F#
4qmG24ebshLXtKu9HIShBP,https://open.spotify.com/track/4qmG24ebshLXtKu9HIShBP,0.194,0.773,0.597,0.0,2.0,0.22,-7.138,1,0.309,160.101,0.305,0.5913681818181818,0.8810333333333333,D
4rXLjWdF2ZZpXCVTfWcshS,https://open.spotify.com/track/4rXLjWdF2ZZpXCVTfWcshS,0.119,0.847,0.622,0.0,1.0,0.285,-6.747,0,0.0903,130.001,0.22,0.45455,0.88755,C#
4rhSYWoLaBbkQccjme9UOJ,https://open.spotify.com/track/4rhSYWoLaBbkQccjme9UOJ,0.132,0.57,0.545,1.41e-06,1.0,0.272,-4.93,1,0.0243,107.952,0.344,0.3543272727272727,0.9178333333333334,C#
4s8BIKx4Zh6ryAEz8RTlaU,https://open.spotify.com/track/4s8BIKx4Zh6ryAEz8RTlaU,0.599,0.672,0.6130000000000001,0.0,7.0,0.112,-4.708999999999999,1,0.0298,97.041,0.557,0.3047318181818181,0.9215166666666668,G
4tKGFmENO69tZR9ahgZu48,https://open.spotify.com/track/4tKGFmENO69tZR9ahgZu48,0.00234,0.73,0.849,2.57e-05,1.0,0.312,-5.281,0,0.0299,117.308,0.887,0.3968545454545454,0.9119833333333334,C#
4tMzIAFTFdqGBQLdfbPces,https://open.spotify.com/track/4tMzIAFTFdqGBQLdfbPces,0.00552,0.44,0.916,0.0,5.0,0.252,-1.927,1,0.0629,162.025,0.371,0.6001136363636363,0.9678833333333332,F
4ueTr01dkL360w1knfh21C,https://open.spotify.com/track/4ueTr01dkL360w1knfh21C,0.819,0.635,0.114,6.350000000000001e-06,4.0,0.0797,-12.176,1,0.0522,72.401,0.0998,0.1927318181818181,0.7970666666666666,E
4vziJcnB2Qyi9o4nIRUeN7,https://open.spotify.com/track/4vziJcnB2Qyi9o4nIRUeN7,0.227,0.447,0.605,5.4e-05,9.0,0.315,-4.71,0,0.0291,87.191,0.307,0.2599590909090909,0.9215,A
4w2GLmK2wnioVnb5CPQeex,https://open.spotify.com/track/4w2GLmK2wnioVnb5CPQeex,0.646,0.857,0.62,0.2439999999999999,0.0,0.0933999999999999,-8.13,1,0.0472,120.04200000000002,0.796,0.4092818181818182,0.8644999999999999,C
4xhsWYTOGcal8zt0J161CU,https://open.spotify.com/track/4xhsWYTOGcal8zt0J161CU,0.0026,0.943,0.558,2.19e-06,2.0,0.0937,-4.911,1,0.0568,104.98300000000002,0.606,0.3408318181818183,0.91815,D
4xqrdfXkTW4T0RauPLv3WA,https://open.spotify.com/track/4xqrdfXkTW4T0RauPLv3WA,0.584,0.357,0.425,0.0,5.0,0.322,-7.301,1,0.0333,102.078,0.27,0.3276272727272727,0.8783166666666666,F
4yLyVdEqV790aIXyGif85v,https://open.spotify.com/track/4yLyVdEqV790aIXyGif85v,0.1869999999999999,0.474,0.621,0.0,7.0,0.16,-8.253,0,0.103,114.314,0.3960000000000001,0.3832454545454545,0.86245,G
4yNk9iz9WVJikRFle3XEvn,https://open.spotify.com/track/4yNk9iz9WVJikRFle3XEvn,0.653,0.515,0.593,0.162,4.0,0.25,-4.801,1,0.0322,94.467,0.153,0.2930318181818181,0.9199833333333332,E
4yjeRuoVickg1G87LWeRes,https://open.spotify.com/track/4yjeRuoVickg1G87LWeRes,0.24,0.702,0.68,0.0,7.0,0.111,-5.451,0,0.0373,122.895,0.86,0.4222499999999999,0.90915,G
4zmKGsrXjLmljb5fTaBTot,unknown_href,0.2751393934602076,0.6354256055363322,0.6118322952710495,0.0142921726182237,5.047289504036909,0.1917657439446366,-7.028305651672434,0,0.1090111880046136,122.29604152249134,0.4638054209919262,0.4195274614658697,0.8828615724721262,C
50No7LiVffAJCWIChZodmU,https://open.spotify.com/track/50No7LiVffAJCWIChZodmU,0.0474,0.665,0.808,0.0,0.0,0.335,-3.983,1,0.347,79.144,0.557,0.2233818181818182,0.9336166666666668,C
51ZQ1vr10ffzbwIjDCwqm4,https://open.spotify.com/track/51ZQ1vr10ffzbwIjDCwqm4,0.0615,0.645,0.646,3.04e-05,5.0,0.074,-8.334,1,0.0427,115.842,0.295,0.3901909090909091,0.8611,F
51eSHglvG1RJXtL3qI5trr,https://open.spotify.com/track/51eSHglvG1RJXtL3qI5trr,0.174,0.432,0.583,0.0,8.0,0.0933,-4.682,1,0.0687,181.489,0.544,0.6885863636363636,0.9219666666666666,G#
51hyZpbJlIgZIaX3TtMxmu,https://open.spotify.com/track/51hyZpbJlIgZIaX3TtMxmu,0.502,0.543,0.857,0.0,8.0,0.119,-3.341,1,0.0945,129.918,0.321,0.4541727272727273,0.9443166666666668,G#
51rfRCiUSvxXlCSCfIztBy,https://open.spotify.com/track/51rfRCiUSvxXlCSCfIztBy,0.656,0.53,0.406,0.0,10.0,0.133,-7.507,1,0.033,115.94,0.338,0.3906363636363636,0.8748833333333333,A#
52DudaVZObvmBgEX6IObHX,https://open.spotify.com/track/52DudaVZObvmBgEX6IObHX,0.574,0.685,0.212,0.000566,1.0,0.0826,-11.024,1,0.0406,119.938,0.323,0.4088090909090909,0.8162666666666667,C#
52eIcoLUM25zbQupAZYoFh,https://open.spotify.com/track/52eIcoLUM25zbQupAZYoFh,0.00598,0.625,0.733,0.000983,2.0,0.375,-8.757,1,0.0488,172.09,0.244,0.6458636363636364,0.8540500000000001,D
53DDMPqgMWNrEeE3NjThKE,https://open.spotify.com/track/53DDMPqgMWNrEeE3NjThKE,0.321,0.792,0.664,0.0,2.0,0.283,-5.598,1,0.0333,120.041,0.668,0.4092772727272727,0.9067,D
53IRnAWx13PYmoVYtemUBS,https://open.spotify.com/track/53IRnAWx13PYmoVYtemUBS,0.139,0.609,0.758,5.38e-06,0.0,0.11,-4.885,0,0.0525,124.949,0.236,0.4315863636363636,0.9185833333333334,C
53KaP77tkliz36LPxWGlWK,https://open.spotify.com/track/53KaP77tkliz36LPxWGlWK,0.0127,0.697,0.32,0.0,7.0,0.18,-9.347,0,0.214,136.976,0.0658,0.4862545454545454,0.8442166666666666,G
53LwBS4bovyljsMlLqGfd6,https://open.spotify.com/track/53LwBS4bovyljsMlLqGfd6,0.445,0.552,0.823,0.000129,2.0,0.366,-5.988,1,0.0332,114.514,0.775,0.3841545454545454,0.9002,D
53dtP2iUMvaF28JZcHnFuU,https://open.spotify.com/track/53dtP2iUMvaF28JZcHnFuU,0.844,0.48,0.24,0.0,7.0,0.099,-8.146,1,0.0323,80.686,0.152,0.2303909090909091,0.8642333333333333,G
53jnnqFSRGMDB9ADrNriCA,https://open.spotify.com/track/53jnnqFSRGMDB9ADrNriCA,0.0107,0.591,0.634,1.95e-06,9.0,0.113,-6.365,0,0.0291,99.998,0.44,0.3181727272727273,0.8939166666666666,A
54zcJnb3tp9c5OVKREZ1Is,https://open.spotify.com/track/54zcJnb3tp9c5OVKREZ1Is,0.0776,0.634,0.725,0.0,5.0,0.211,-4.945000000000001,0,0.0587,159.845,0.795,0.5902045454545455,0.9175833333333332,F
55HpRb1dWGT3JeX9RpDpLa,https://open.spotify.com/track/55HpRb1dWGT3JeX9RpDpLa,0.102,0.803,0.719,1.2e-06,1.0,0.0899,-6.799,0,0.0833,138.013,0.693,0.4909681818181818,0.8866833333333334,C#
55u5QIlEuzCipJBtZPdJio,https://open.spotify.com/track/55u5QIlEuzCipJBtZPdJio,0.0695,0.562,0.901,0.0,11.0,0.229,-4.166,0,0.443,199.226,0.2409999999999999,0.769209090909091,0.9305666666666668,B
56v8WEnGzLByGsDAXDiv4d,https://open.spotify.com/track/56v8WEnGzLByGsDAXDiv4d,0.108,0.8119999999999999,0.749,0.0,10.0,0.0599,-6.389,0,0.0397,134.971,0.8409999999999999,0.4771409090909091,0.8935166666666666,A#
57ELn9TPDIhrpl0dasS465,https://open.spotify.com/track/57ELn9TPDIhrpl0dasS465,0.0501,0.681,0.607,1.54e-05,1.0,0.449,-5.815,1,0.259,73.562,0.225,0.1980090909090908,0.9030833333333332,C#
57TEkZN3f84tFJFHFrD4pO,https://open.spotify.com/track/57TEkZN3f84tFJFHFrD4pO,0.361,0.616,0.68,1.18e-06,6.0,0.116,-4.581,1,0.0288,149.951,0.687,0.5452318181818182,0.92365,F#
57a4iloBWqan5rtqPJBoVY,unknown_href,0.2751393934602076,0.6354256055363322,0.6118322952710495,0.0142921726182237,5.047289504036909,0.1917657439446366,-7.028305651672434,0,0.1090111880046136,122.29604152249134,0.4638054209919262,0.4195274614658697,0.8828615724721262,C
57wp7VFnV8X0pSVnYArGeJ,https://open.spotify.com/track/57wp7VFnV8X0pSVnYArGeJ,0.128,0.8030000000000002,0.512,0.0,9.0,0.0928,-6.871,0,0.066,96.02,0.4349999999999999,0.3000909090909091,0.8854833333333333,A
583dMdiUquLMenarTp7PQm,unknown_href,0.2751393934602076,0.6354256055363322,0.6118322952710495,0.0142921726182237,5.047289504036909,0.1917657439446366,-7.028305651672434,0,0.1090111880046136,122.29604152249134,0.4638054209919262,0.4195274614658697,0.8828615724721262,C
587Ks4sb6Wd2qRVS5i9fdW,https://open.spotify.com/track/587Ks4sb6Wd2qRVS5i9fdW,0.221,0.622,0.583,0.0,1.0,0.299,-11.933,1,0.534,96.915,0.129,0.3041590909090909,0.8011166666666667,C#
59151GHN7yr5g9B3bqlGdR,https://open.spotify.com/track/59151GHN7yr5g9B3bqlGdR,0.0532,0.706,0.85,0.0,11.0,0.109,-3.308,1,0.282,82.652,0.72,0.2393272727272727,0.9448666666666666,B
59KOoHFcw5XfICnO57holu,https://open.spotify.com/track/59KOoHFcw5XfICnO57holu,0.4429999999999999,0.557,0.362,3.57e-06,10.0,0.1,-8.641,1,0.0263,79.573,0.187,0.2253318181818181,0.8559833333333333,A#
5A8xI7PN4WDe9e61xEdt94,https://open.spotify.com/track/5A8xI7PN4WDe9e61xEdt94,0.0243,0.894,0.66,0.0,11.0,0.139,-5.348999999999999,0,0.33,148.07199999999995,0.181,0.5366909090909089,0.91085,B
5AH31dDNgxCMGDdxubNNn4,https://open.spotify.com/track/5AH31dDNgxCMGDdxubNNn4,0.523,0.69,0.482,0.0004,7.0,0.0728,-6.335,0,0.2,100.029,0.356,0.3183136363636363,0.8944166666666666,G
5AJ9hqTS2wcFQCELCFRO7A,https://open.spotify.com/track/5AJ9hqTS2wcFQCELCFRO7A,0.0973,0.852,0.697,0.00037,1.0,0.0678,-5.52,0,0.0439,138.029,0.9190000000000002,0.4910409090909091,0.908,C#
5ASM6Qjiav2xPe7gRkQMsQ,https://open.spotify.com/track/5ASM6Qjiav2xPe7gRkQMsQ,0.403,0.529,0.772,2.21e-06,2.0,0.316,-7.013,1,0.0287,91.751,0.853,0.2806863636363637,0.8831166666666667,D
5AqiaZwhmC6dIbgWrD5SzV,https://open.spotify.com/track/5AqiaZwhmC6dIbgWrD5SzV,0.146,0.785,0.726,0.0,5.0,0.0951999999999999,-6.422,0,0.0372,133.118,0.622,0.4687181818181818,0.8929666666666667,F
5Bedn0svl0ZD7RGmJkmKKw,https://open.spotify.com/track/5Bedn0svl0ZD7RGmJkmKKw,0.785,0.492,0.379,0.00093,0.0,0.108,-8.859,1,0.0257,83.993,0.273,0.2454227272727272,0.8523499999999999,C
5BqI4ugJL5WaPRQ6MlC8Ho,https://open.spotify.com/track/5BqI4ugJL5WaPRQ6MlC8Ho,0.0583,0.457,0.861,1.28e-05,0.0,0.106,-3.771,0,0.0529,145.989,0.376,0.5272227272727273,0.93715,C
5CCr8msaN3MhgqBoa9yWhH,https://open.spotify.com/track/5CCr8msaN3MhgqBoa9yWhH,0.252,0.696,0.809,0.000128,5.0,0.248,-8.254,1,0.05,132.962,0.857,0.4680090909090909,0.8624333333333334,F
5CscrLqFBgPfZR8fGtikov,https://open.spotify.com/track/5CscrLqFBgPfZR8fGtikov,0.386,0.55,0.409,0.0,7.0,0.122,-7.717999999999999,1,0.0316,133.099,0.252,0.4686318181818181,0.8713666666666667,G
5D34wRmbFS29AjtTOP2QJe,https://open.spotify.com/track/5D34wRmbFS29AjtTOP2QJe,0.19,0.787,0.775,6.54e-05,1.0,0.113,-6.614,1,0.0548,118.998,0.787,0.4045363636363636,0.8897666666666667,C#
5Eh1nj7IjV9lwpcKAkidyY,https://open.spotify.com/track/5Eh1nj7IjV9lwpcKAkidyY,0.101,0.635,0.648,0.00426,11.0,0.198,-7.779999999999999,0,0.0548,93.0,0.8,0.2863636363636364,0.8703333333333333,B
5ExOm0dh4NyRyAdSAO9hyM,https://open.spotify.com/track/5ExOm0dh4NyRyAdSAO9hyM,0.178,0.533,0.5729999999999998,0.0,0.0,0.309,-7.123,1,0.138,150.088,0.398,0.5458545454545455,0.8812833333333334,C
5G2f63n7IPVPPjfNIGih7Q,https://open.spotify.com/track/5G2f63n7IPVPPjfNIGih7Q,0.101,0.674,0.907,0.0,3.0,0.297,-4.086,1,0.064,112.964,0.721,0.3771090909090909,0.9319,D#
5IAESfJjmOYu7cHyX557kz,https://open.spotify.com/track/5IAESfJjmOYu7cHyX557kz,0.0268,0.617,0.589,0.0,7.0,0.378,-5.978,1,0.0345,92.991,0.566,0.2863227272727273,0.9003666666666666,G
5In8B6Om5OKrhwBMB4tXSi,https://open.spotify.com/track/5In8B6Om5OKrhwBMB4tXSi,0.121,0.885,0.662,0.0,1.0,0.109,-5.139,1,0.142,137.981,0.117,0.4908227272727272,0.91435,C#
5JYPXqMwYc0zTODQdjMEZN,https://open.spotify.com/track/5JYPXqMwYc0zTODQdjMEZN,0.118,0.793,0.768,3.65e-05,1.0,0.114,-6.244,1,0.144,140.141,0.261,0.5006409090909091,0.8959333333333334,C#
5Jh1i0no3vJ9u4deXkb4aV,https://open.spotify.com/track/5Jh1i0no3vJ9u4deXkb4aV,0.0337,0.435,0.947,0.0,8.0,0.691,-1.896,1,0.117,93.278,0.503,0.2876272727272727,0.9684,G#
5KD6AEm19QnMbfWpfoOHMl,https://open.spotify.com/track/5KD6AEm19QnMbfWpfoOHMl,0.16,0.8,0.509,3.05e-05,0.0,0.0834,-9.386,1,0.034,109.994,0.0768,0.3636090909090909,0.8435666666666667,C
5KI7I4mEtulXcv5VQJaV35,https://open.spotify.com/track/5KI7I4mEtulXcv5VQJaV35,0.479,0.701,0.653,2.82e-05,1.0,0.306,-4.695,1,0.105,82.984,0.505,0.2408363636363636,0.92175,C#
5KXazf0DW0wMxbn0doyZBi,unknown_href,0.2751393934602076,0.6354256055363322,0.6118322952710495,0.0142921726182237,5.047289504036909,0.1917657439446366,-7.028305651672434,0,0.1090111880046136,122.29604152249134,0.4638054209919262,0.4195274614658697,0.8828615724721262,C
5L3ecxQnQ9qTBmnLQiwf0C,https://open.spotify.com/track/5L3ecxQnQ9qTBmnLQiwf0C,0.0386,0.814,0.618,3.34e-06,5.0,0.671,-5.614,0,0.0619,121.075,0.535,0.4139772727272727,0.9064333333333334,F
5L5GwmHf7R1zK4APVerRFL,https://open.spotify.com/track/5L5GwmHf7R1zK4APVerRFL,0.297,0.656,0.724,0.0,6.0,0.25,-5.732,0,0.375,77.492,0.483,0.2158727272727273,0.9044666666666666,F#
5MGMXOhVvwzCjFgdQsFokR,https://open.spotify.com/track/5MGMXOhVvwzCjFgdQsFokR,0.0258,0.749,0.802,0.0,10.0,0.118,-5.78,0,0.0858,107.996,0.443,0.3545272727272727,0.9036666666666666,A#
5NAOhPAZ57eFAXr3qatS6i,https://open.spotify.com/track/5NAOhPAZ57eFAXr3qatS6i,0.0284,0.76,0.546,0.924,11.0,0.1029999999999999,-13.092,1,0.0616,118.05100000000002,0.113,0.4002318181818182,0.7818,B
5O2P9iiztwhomNh8xkR9lJ,https://open.spotify.com/track/5O2P9iiztwhomNh8xkR9lJ,0.859,0.672,0.52,0.0,8.0,0.115,-7.747,1,0.0353,120.001,0.37,0.4090954545454545,0.8708833333333333,G#
5OGZ2Mx4Cs6RCndDRycGBJ,https://open.spotify.com/track/5OGZ2Mx4Cs6RCndDRycGBJ,0.825,0.51,0.4319999999999999,0.000294,5.0,0.0933,-9.492,1,0.0334,129.872,0.31,0.4539636363636364,0.8417999999999999,F
5P1z8XwsCStb74emERTx9v,https://open.spotify.com/track/5P1z8XwsCStb74emERTx9v,0.222,0.45,0.87,2.85e-06,7.0,0.291,-4.224,0,0.309,156.727,0.588,0.5760318181818181,0.9296,G
5P8Xvy5tzhmfyfA6GplQ8h,https://open.spotify.com/track/5P8Xvy5tzhmfyfA6GplQ8h,0.832,0.8530000000000001,0.338,0.00602,7.0,0.135,-9.124,1,0.0491,113.881,0.927,0.3812772727272727,0.8479333333333333,G
5PyDJG7SQRgWXefgexqIge,https://open.spotify.com/track/5PyDJG7SQRgWXefgexqIge,0.183,0.755,0.687,0.000177,8.0,0.125,-6.247,0,0.1009999999999999,123.01,0.381,0.4227727272727273,0.8958833333333334,G#
5QCOS7bwiz2i3jQqB8KZGS,https://open.spotify.com/track/5QCOS7bwiz2i3jQqB8KZGS,0.00512,0.626,0.933,0.0,5.0,0.393,-3.4799999999999995,0,0.0378,123.96099999999998,0.714,0.4270954545454545,0.942,F
5QMrH5nszZZR3nefIj6Mar,https://open.spotify.com/track/5QMrH5nszZZR3nefIj6Mar,0.527,0.31,0.303,0.0,1.0,0.0436,-10.345,1,0.0344,148.419,0.208,0.5382681818181819,0.8275833333333333,C#
5QTxFnGygVM4jFQiBovmRo,https://open.spotify.com/track/5QTxFnGygVM4jFQiBovmRo,0.0029,0.333,0.927,0.000208,9.0,0.297,-8.55,0,0.0733,141.466,0.385,0.5066636363636364,0.8575,A
5RMTsrJkrtumtiIZjy7dL6,https://open.spotify.com/track/5RMTsrJkrtumtiIZjy7dL6,0.366,0.775,0.491,0.0,1.0,0.117,-7.395,0,0.297,139.897,0.309,0.4995318181818181,0.87675,C#
5RePVWy39tLpHH0WwXgBsK,https://open.spotify.com/track/5RePVWy39tLpHH0WwXgBsK,0.00289,0.661,0.878,0.0,1.0,0.381,-4.099,1,0.31,82.557,0.514,0.2388954545454545,0.9316833333333332,C#
5RqSsdzTNPX1uzkmlHCFvK,https://open.spotify.com/track/5RqSsdzTNPX1uzkmlHCFvK,0.52,0.841,0.738,0.0,7.0,0.0892,-7.454999999999999,0,0.307,169.918,0.484,0.6359909090909092,0.87575,G
5S8VwnB4sLi6W0lYTWYylu,https://open.spotify.com/track/5S8VwnB4sLi6W0lYTWYylu,0.00443,0.806,0.358,0.00162,10.0,0.412,-8.769,1,0.117,102.011,0.188,0.3273227272727272,0.85385,A#
5S9hlmzNQwZuhynLfxZ8Lg,https://open.spotify.com/track/5S9hlmzNQwZuhynLfxZ8Lg,0.382,0.384,0.15,7.1e-05,7.0,0.104,-12.128,1,0.0353,135.383,0.252,0.4790136363636364,0.7978666666666666,G
5Se32hEA9raeboZerywxka,https://open.spotify.com/track/5Se32hEA9raeboZerywxka,0.203,0.465,0.7,0.0,10.0,0.299,-5.163000000000001,0,0.0893,120.854,0.276,0.4129727272727272,0.91395,A#
5UcUppRaEIBMIHXiUFl7LI,https://open.spotify.com/track/5UcUppRaEIBMIHXiUFl7LI,0.476,0.504,0.624,0.0,8.0,0.0995999999999999,-7.444,1,0.428,94.522,0.333,0.2932818181818182,0.8759333333333333,G#
5V5Xpbmqi2rp1xSJWZTvYu,https://open.spotify.com/track/5V5Xpbmqi2rp1xSJWZTvYu,0.774,0.783,0.594,0.0,4.0,0.169,-4.943,0,0.105,128.177,0.596,0.4462590909090909,0.9176166666666667,E
5VhvD0AKRprEaFtPNKGBQR,https://open.spotify.com/track/5VhvD0AKRprEaFtPNKGBQR,0.772,0.471,0.3889999999999999,0.0,7.0,0.247,-5.421,1,0.0264,78.092,0.238,0.2186,0.90965,G
5VxmI3IdgAxWVvUnJoLuY2,https://open.spotify.com/track/5VxmI3IdgAxWVvUnJoLuY2,0.00284,0.652,0.879,0.0896,0.0,0.0918,-6.405,1,0.0784,173.925,0.789,0.6542045454545455,0.89325,C
5W0RVQViQC7xocvAUnIs6Z,https://open.spotify.com/track/5W0RVQViQC7xocvAUnIs6Z,0.143,0.57,0.557,0.0,2.0,0.0926,-12.055,1,0.105,83.224,0.301,0.2419272727272727,0.7990833333333334,D
5XVdHRf4CAJ2Jm0uMIy5qY,https://open.spotify.com/track/5XVdHRf4CAJ2Jm0uMIy5qY,0.152,0.778,0.835,0.0,11.0,0.109,-3.5979999999999994,0,0.0767,140.082,0.666,0.5003727272727272,0.9400333333333334,B
5YABYtKx9qa56vBjlXDbmw,https://open.spotify.com/track/5YABYtKx9qa56vBjlXDbmw,0.911,0.462,0.331,0.0,9.0,0.15,-8.794,0,0.0432,141.364,0.604,0.5062,0.8534333333333334,A
5YanmSgudc0CaxZrn40YnM,unknown_href,0.2751393934602076,0.6354256055363322,0.6118322952710495,0.0142921726182237,5.047289504036909,0.1917657439446366,-7.028305651672434,0,0.1090111880046136,122.29604152249134,0.4638054209919262,0.4195274614658697,0.8828615724721262,C
5ZJGv7aGdIr9IGpxzSG18T,https://open.spotify.com/track/5ZJGv7aGdIr9IGpxzSG18T,0.0262,0.737,0.7739999999999999,0.0,11.0,0.238,-5.525,0,0.257,137.959,0.428,0.4907227272727273,0.9079166666666668,B
5aDoUmxBsbdpS16alksb5Z,https://open.spotify.com/track/5aDoUmxBsbdpS16alksb5Z,0.813,0.532,0.246,1.66e-06,10.0,0.195,-15.499,1,0.028,101.369,0.414,0.3244045454545454,0.7416833333333333,A#
5aIVCx5tnk0ntmdiinnYvw,https://open.spotify.com/track/5aIVCx5tnk0ntmdiinnYvw,0.0856,0.673,0.722,0.0,3.0,0.137,-3.495,0,0.0755,117.187,0.519,0.3963045454545454,0.94175,D#
5b3XJ1pjrHO5JtY2PcTjnI,https://open.spotify.com/track/5b3XJ1pjrHO5JtY2PcTjnI,0.033,0.892,0.531,0.0,1.0,0.0824,-4.968,1,0.207,81.036,0.209,0.2319818181818181,0.9172,C#
5b5cPscqVEMChvDqscVw26,https://open.spotify.com/track/5b5cPscqVEMChvDqscVw26,0.0349,0.812,0.587,2.64e-06,5.0,0.123,-4.483,0,0.0477,123.041,0.664,0.4229136363636363,0.9252833333333332,F
5cQX9BexkPIEESTZijJhXg,https://open.spotify.com/track/5cQX9BexkPIEESTZijJhXg,0.837,0.561,0.244,0.0,7.0,0.111,-9.152,1,0.0328,65.418,0.278,0.1609909090909091,0.8474666666666667,G
5chnRTB9qMK3W1M41SnU9s,https://open.spotify.com/track/5chnRTB9qMK3W1M41SnU9s,0.768,0.661,0.257,1.72e-06,6.0,0.176,-13.961,0,0.045,106.896,0.318,0.3495272727272727,0.7673166666666666,F#
5gOfC9UzZQzTyShqPMrpjT,https://open.spotify.com/track/5gOfC9UzZQzTyShqPMrpjT,0.249,0.761,0.501,0.0,9.0,0.136,-10.759,0,0.459,81.998,0.502,0.2363545454545454,0.8206833333333333,A
5ho7VSXSmI2KM2nDjcnLyz,https://open.spotify.com/track/5ho7VSXSmI2KM2nDjcnLyz,0.51,0.817,0.348,0.000119,7.0,0.11,-10.213,0,0.29,91.997,0.634,0.2818045454545455,0.8297833333333333,G
5hslUAKq9I9CG2bAulFkHN,https://open.spotify.com/track/5hslUAKq9I9CG2bAulFkHN,0.7659999999999999,0.24,0.598,0.0,7.0,0.117,-8.435,1,0.0369,201.629,0.776,0.7801318181818181,0.8594166666666666,G
5iHC401tsNlJRY46ECSYbo,https://open.spotify.com/track/5iHC401tsNlJRY46ECSYbo,0.0686,0.726,0.586,0.00508,5.0,0.136,-7.68,0,0.102,83.081,0.262,0.2412772727272727,0.872,F
5il0jwWUlvgtIzWvzJi12z,https://open.spotify.com/track/5il0jwWUlvgtIzWvzJi12z,0.464,0.661,0.414,0.0,5.0,0.37,-9.073,1,0.0404,119.921,0.224,0.4087318181818182,0.8487833333333333,F
5imsnhkfPCm3wajS9ksb21,https://open.spotify.com/track/5imsnhkfPCm3wajS9ksb21,0.0924,0.72,0.537,0.000113,4.0,0.125,-5.768,1,0.388,88.002,0.198,0.2636454545454545,0.9038666666666668,E
5itTZ7kNRBl65Nn1QO9Ax9,https://open.spotify.com/track/5itTZ7kNRBl65Nn1QO9Ax9,0.000412,0.667,0.774,0.0,0.0,0.122,-5.008,1,0.0473,144.999,0.407,0.5227227272727273,0.9165333333333332,C
5j0McHPthKpOXRr3fBq8M0,https://open.spotify.com/track/5j0McHPthKpOXRr3fBq8M0,0.0572,0.573,0.712,0.0,0.0,0.167,-5.976,1,0.0732,140.012,0.346,0.5000545454545454,0.9004,C
5jQI2r1RdgtuT8S3iG8zFC,https://open.spotify.com/track/5jQI2r1RdgtuT8S3iG8zFC,0.23,0.735,0.449,0.00126,7.0,0.132,-10.56,0,0.0883,97.05,0.0954999999999999,0.3047727272727272,0.824,G
5jVExEArvISIYu8mamVgfV,https://open.spotify.com/track/5jVExEArvISIYu8mamVgfV,0.689,0.737,0.726,0.0,3.0,0.169,-7.29,0,0.0537,127.926,0.887,0.4451181818181818,0.8785000000000001,D#
5kHMfzgLZP95O9NBy0ku4v,https://open.spotify.com/track/5kHMfzgLZP95O9NBy0ku4v,0.0577,0.695,0.768,0.0,6.0,0.0426,-4.883,1,0.0344,123.05400000000002,0.813,0.4229727272727273,0.9186166666666666,F#
5lKFO0PrOC9jmOlPEdjHsL,https://open.spotify.com/track/5lKFO0PrOC9jmOlPEdjHsL,0.783,0.745,0.513,0.0,1.0,0.216,-9.116,1,0.087,109.935,0.929,0.3633409090909091,0.8480666666666666,C#
5mUlozUYpdmXVPkj4BW8cA,https://open.spotify.com/track/5mUlozUYpdmXVPkj4BW8cA,0.083,0.751,0.648,0.0,6.0,0.585,-4.21,1,0.183,126.032,0.813,0.4365090909090909,0.9298333333333332,F#
5mjYQaktjmjcMKcUIcqz4s,https://open.spotify.com/track/5mjYQaktjmjcMKcUIcqz4s,0.701,0.628,0.523,0.00274,11.0,0.219,-8.307,0,0.0946,169.982,0.416,0.6362818181818182,0.8615499999999999,B
5nIqitaV7WyyuM3KVUju1G,https://open.spotify.com/track/5nIqitaV7WyyuM3KVUju1G,0.573,0.719,0.44,0.000291,2.0,0.0681,-15.11,1,0.0393,125.487,0.82,0.4340318181818182,0.7481666666666666,D
5nYygW7bTgPOhckh3uDR9L,https://open.spotify.com/track/5nYygW7bTgPOhckh3uDR9L,0.0661,0.932,0.503,0.0,8.0,0.0856,-9.351,0,0.294,140.096,0.686,0.5004363636363637,0.8441500000000001,G#
5oHHMDcVOmPSFrCgdbHPdb,https://open.spotify.com/track/5oHHMDcVOmPSFrCgdbHPdb,0.208,0.713,0.772,0.0,2.0,0.211,-6.69,1,0.0372,125.202,0.88,0.4327363636363636,0.8885000000000001,D
5oIVNm56t6OIf9ZjdEG3ud,https://open.spotify.com/track/5oIVNm56t6OIf9ZjdEG3ud,0.3619999999999999,0.418,0.815,0.0,9.0,0.125,-6.216,1,0.125,77.862,0.758,0.2175545454545454,0.8964,A
5ogdIq5F70xEPB3kwiiecr,https://open.spotify.com/track/5ogdIq5F70xEPB3kwiiecr,0.253,0.581,0.574,0.0861,0.0,0.0977,-8.256,0,0.0445,126.019,0.253,0.43645,0.8623999999999999,C
5pIVEk6Di7n1v5khOzJaJL,https://open.spotify.com/track/5pIVEk6Di7n1v5khOzJaJL,0.0217,0.377,0.7200000000000001,0.00919,4.0,0.138,-7.086000000000001,1,0.0364,142.212,0.26,0.5100545454545454,0.8819,E
5ppb5wau793YRvH2DIz32M,https://open.spotify.com/track/5ppb5wau793YRvH2DIz32M,0.0557,0.82,0.576,3.73e-05,9.0,0.104,-7.488,1,0.296,141.003,0.183,0.5045590909090908,0.8752,A
5qzLdvRViHUrRNdkpakG7C,https://open.spotify.com/track/5qzLdvRViHUrRNdkpakG7C,0.455,0.785,0.6,6.76e-06,3.0,0.131,-7.793,0,0.0656,105.009,0.431,0.34095,0.8701166666666666,D#
5rX6C5QVvvZB7XckETNych,https://open.spotify.com/track/5rX6C5QVvvZB7XckETNych,0.0212,0.7,0.864,0.0,7.0,0.0956,-3.629,1,0.0283,102.997,0.887,0.3318045454545454,0.9395166666666668,G
5rb9QrpfcKFHM1EUbSIurX,https://open.spotify.com/track/5rb9QrpfcKFHM1EUbSIurX,0.0183,0.894,0.791,0.0,2.0,0.0388,-4.699,1,0.112,105.018,0.583,0.340990909090909,0.9216833333333334,D
5rurggqwwudn9clMdcchxT,https://open.spotify.com/track/5rurggqwwudn9clMdcchxT,0.481,0.636,0.537,0.0,0.0,0.113,-7.902,1,0.0817,140.133,0.199,0.5006045454545455,0.8683,C
5sdQOyqq2IDhvmx2lHOpwd,https://open.spotify.com/track/5sdQOyqq2IDhvmx2lHOpwd,0.18,0.776,0.8169999999999998,3.44e-05,5.0,0.146,-6.018,0,0.0748,149.921,0.515,0.5450954545454545,0.8996999999999999,F
5sp71CUt0jXRNqHblPGp7b,https://open.spotify.com/track/5sp71CUt0jXRNqHblPGp7b,0.0623,0.351,0.884,0.0,1.0,0.335,-3.4520000000000004,1,0.074,120.166,0.408,0.4098454545454545,0.9424666666666668,C#
5vNRhkKd0yEAg8suGBpjeY,https://open.spotify.com/track/5vNRhkKd0yEAg8suGBpjeY,0.0283,0.777,0.783,0.0,0.0,0.355,-4.477,0,0.26,149.027,0.9389999999999998,0.5410318181818181,0.9253833333333332,C
5vYtElD9hKn73Kh4YcnNFN,unknown_href,0.2751393934602076,0.6354256055363322,0.6118322952710495,0.0142921726182237,5.047289504036909,0.1917657439446366,-7.028305651672434,0,0.1090111880046136,122.29604152249134,0.4638054209919262,0.4195274614658697,0.8828615724721262,C
5w40ZYhbBMAlHYNDaVJIUu,https://open.spotify.com/track/5w40ZYhbBMAlHYNDaVJIUu,0.00154,0.49,0.88,0.0,2.0,0.103,-4.856,1,0.0435,169.949,0.392,0.6361318181818182,0.9190666666666666,D
5wG3HvLhF6Y5KTGlK0IW3J,https://open.spotify.com/track/5wG3HvLhF6Y5KTGlK0IW3J,0.175,0.765,0.552,0.0,1.0,0.193,-7.523999999999999,0,0.309,119.476,0.4919999999999999,0.4067090909090909,0.8745999999999999,C#
5wbg8kepMFoMzHOEuxiI0q,https://open.spotify.com/track/5wbg8kepMFoMzHOEuxiI0q,0.0236,0.586,0.72,0.000124,6.0,0.0925,-7.983999999999999,1,0.0775,121.927,0.302,0.41785,0.8669333333333333,F#
5wforvgKtj48IUDCGhnMqZ,https://open.spotify.com/track/5wforvgKtj48IUDCGhnMqZ,0.731,0.265,0.447,0.0,9.0,0.0956,-6.368,0,0.0369,177.995,0.359,0.6727045454545455,0.8938666666666666,A
5wttBUDyaHAR5q9fYnN3YF,https://open.spotify.com/track/5wttBUDyaHAR5q9fYnN3YF,0.377,0.565,0.743,0.0,6.0,0.23,-5.425,0,0.172,133.924,0.266,0.4723818181818182,0.9095833333333334,F#
5xXqyjLicvEpch72qEryFT,https://open.spotify.com/track/5xXqyjLicvEpch72qEryFT,0.225,0.734,0.686,0.0,7.0,0.136,-2.926,1,0.0349,119.002,0.598,0.4045545454545454,0.9512333333333332,G
5xeSd4HgzrYpNLEf3LfYLK,https://open.spotify.com/track/5xeSd4HgzrYpNLEf3LfYLK,0.00449,0.832,0.684,0.0,1.0,0.229,-4.691,1,0.359,166.976,0.68,0.6226181818181818,0.9218166666666666,C#
5xlS0QkVrSH7ssEbBgBzbM,https://open.spotify.com/track/5xlS0QkVrSH7ssEbBgBzbM,0.108,0.602,0.553,0.0,11.0,0.0512,-9.336,1,0.0328,130.594,0.971,0.4572454545454545,0.8444,B
5zj6AAWacR87kn2vst7uG1,unknown_href,0.2751393934602076,0.6354256055363322,0.6118322952710495,0.0142921726182237,5.047289504036909,0.1917657439446366,-7.028305651672434,0,0.1090111880046136,122.29604152249134,0.4638054209919262,0.4195274614658697,0.8828615724721262,C
60IGhnH20N82dNxKnc8jDd,https://open.spotify.com/track/60IGhnH20N82dNxKnc8jDd,0.432,0.715,0.584,1.41e-06,8.0,0.095,-8.231,1,0.0296,90.99,0.609,0.2772272727272727,0.8628166666666667,G#
612Gkl43RQdwlzKGPgkudm,https://open.spotify.com/track/612Gkl43RQdwlzKGPgkudm,0.0153,0.699,0.62,0.0,9.0,0.213,-6.664,1,0.069,142.104,0.266,0.5095636363636364,0.8889333333333334,A
61GJoJVPyP7YPBIsGd3ZKX,unknown_href,0.2751393934602076,0.6354256055363322,0.6118322952710495,0.0142921726182237,5.047289504036909,0.1917657439446366,-7.028305651672434,0,0.1090111880046136,122.29604152249134,0.4638054209919262,0.4195274614658697,0.8828615724721262,C
629DixmZGHc7ILtEntuiWE,https://open.spotify.com/track/629DixmZGHc7ILtEntuiWE,0.0452,0.893,0.4,0.0823,11.0,0.0632,-7.981,0,0.0643,124.987,0.9449999999999998,0.4317590909090908,0.8669833333333333,B
62E2nR0od0M5HYxuYLaDz7,https://open.spotify.com/track/62E2nR0od0M5HYxuYLaDz7,0.707,0.527,0.2700000000000001,0.0,0.0,0.102,-10.855,1,0.038,154.042,0.23,0.5638272727272727,0.8190833333333333,C
62bOmKYxYg7dhrC6gH9vFn,https://open.spotify.com/track/62bOmKYxYg7dhrC6gH9vFn,0.031,0.61,0.926,0.0012,8.0,0.0821,-4.843,0,0.0479,172.638,0.861,0.6483545454545455,0.9192833333333332,G#
63ui2w3QJBp8xx0c1MJB2Z,https://open.spotify.com/track/63ui2w3QJBp8xx0c1MJB2Z,0.0383,0.786,0.814,3.67e-05,1.0,0.22,-3.318,1,0.0873,95.084,0.365,0.2958363636363637,0.9447,C#
64FzgoLZ3oXu2SriZblHic,https://open.spotify.com/track/64FzgoLZ3oXu2SriZblHic,0.0369,0.624,0.711,3.13e-06,7.0,0.19,-6.347,1,0.159,169.999,0.347,0.6363590909090909,0.8942166666666667,G
64b4ElrrZOEp3H1Pac2lG6,https://open.spotify.com/track/64b4ElrrZOEp3H1Pac2lG6,0.000174,0.418,0.758,0.00107,3.0,0.13,-5.914,1,0.0407,127.907,0.202,0.4450318181818181,0.9014333333333332,D#
67aaFVnfvFWjxVQMd0jDb5,https://open.spotify.com/track/67aaFVnfvFWjxVQMd0jDb5,0.7759999999999999,0.595,0.41,4.27e-06,0.0,0.224,-5.079,1,0.0257,83.308,0.141,0.2423090909090909,0.91535,C
67nepsnrcZkowTxMWigSbb,https://open.spotify.com/track/67nepsnrcZkowTxMWigSbb,0.012,0.557,0.7739999999999999,0.0,7.0,0.396,-5.275,0,0.351,111.975,0.3969999999999999,0.3726136363636363,0.9120833333333334,G
68Dni7IE4VyPkTOH9mRWHr,https://open.spotify.com/track/68Dni7IE4VyPkTOH9mRWHr,0.324,0.69,0.521,0.0,10.0,0.0534,-8.492,0,0.339,100.028,0.494,0.3183090909090909,0.8584666666666666,A#
68mOSKT4uBkKddEAhlMO61,https://open.spotify.com/track/68mOSKT4uBkKddEAhlMO61,0.0296,0.584,0.6729999999999999,0.0614,6.0,0.121,-4.444,1,0.0298,77.00200000000001,0.138,0.2136454545454545,0.9259333333333332,F#
68vgtRHr7iZHpzGpon6Jlo,https://open.spotify.com/track/68vgtRHr7iZHpzGpon6Jlo,0.257,0.662,0.507,0.0,5.0,0.0465,-8.238,1,0.118,86.41199999999999,0.676,0.2564181818181817,0.8627,F
69phA1R4gmQsBFRQ3INW8C,https://open.spotify.com/track/69phA1R4gmQsBFRQ3INW8C,0.00617,0.65,0.539,2.67e-05,1.0,0.114,-7.281000000000001,1,0.0561,158.105,0.253,0.5822954545454545,0.87865,C#
6AI3ezQ4o3HUoP6Dhudph3,https://open.spotify.com/track/6AI3ezQ4o3HUoP6Dhudph3,0.0107,0.8979999999999999,0.472,0.0,1.0,0.141,-7.001,1,0.0776,101.061,0.2139999999999999,0.3230045454545455,0.8833166666666667,C#
6ClYMObS7f3Nn4AiZHYQt3,https://open.spotify.com/track/6ClYMObS7f3Nn4AiZHYQt3,0.134,0.405,0.906,0.0,9.0,0.885,-4.553,1,0.0813,169.967,0.337,0.6362136363636364,0.9241166666666668,A
6CvTEtGagmzQvkUzzyKR9k,https://open.spotify.com/track/6CvTEtGagmzQvkUzzyKR9k,0.067,0.793,0.761,0.0044999999999999,5.0,0.26,-5.482,0,0.11,125.045,0.635,0.4320227272727273,0.9086333333333332,F
6D8y7Bck8h11byRY88Pt2z,https://open.spotify.com/track/6D8y7Bck8h11byRY88Pt2z,0.0036,0.744,0.7889999999999999,0.00144,9.0,0.0947,-4.876,0,0.0589999999999999,116.985,0.8659999999999999,0.3953863636363636,0.9187333333333334,A
6EUcP55GlbmsmCzfL2vxtZ,https://open.spotify.com/track/6EUcP55GlbmsmCzfL2vxtZ,0.381,0.887,0.727,1.16e-06,4.0,0.213,-4.318,0,0.135,130.035,0.932,0.4547045454545454,0.9280333333333334,E
6Ec5LeRzkisa5KJtwLfOoW,https://open.spotify.com/track/6Ec5LeRzkisa5KJtwLfOoW,0.0468,0.6,0.537,0.0038,9.0,0.206,-7.777,0,0.0362,90.061,0.126,0.2730045454545455,0.8703833333333333,A
6GG4yyk3UATdBfTHVgI8PB,https://open.spotify.com/track/6GG4yyk3UATdBfTHVgI8PB,0.00877,0.487,0.658,0.00777,5.0,0.1,-9.973,1,0.0296,142.18,0.282,0.509909090909091,0.8337833333333333,F
6GGtHZgBycCgGBUhZo81xe,https://open.spotify.com/track/6GGtHZgBycCgGBUhZo81xe,0.678,0.485,0.348,0.167,6.0,0.118,-11.576,0,0.0257,99.898,0.145,0.3177181818181818,0.8070666666666667,F#
6GXgd1BPD9bUpqw5AntGV5,https://open.spotify.com/track/6GXgd1BPD9bUpqw5AntGV5,0.000778,0.589,0.713,0.0,0.0,0.188,-5.614,1,0.0308,97.069,0.54,0.3048590909090909,0.9064333333333334,C
6HgWWaMu31KdOpEG5l28BG,https://open.spotify.com/track/6HgWWaMu31KdOpEG5l28BG,0.0449,0.787,0.57,0.0,3.0,0.135,-5.881,1,0.225,142.974,0.733,0.5135181818181818,0.9019833333333334,D#
6IPwKM3fUUzlElbvKw2sKl,https://open.spotify.com/track/6IPwKM3fUUzlElbvKw2sKl,0.113,0.566,0.366,0.181,7.0,0.155,-12.808,1,0.028,129.96,0.237,0.4543636363636364,0.7865333333333333,G
6K2Iut8nSQigP83yvbiqi8,https://open.spotify.com/track/6K2Iut8nSQigP83yvbiqi8,0.0963,0.3739999999999999,0.515,0.0,4.0,0.171,-6.482,1,0.0363,93.769,0.0567999999999999,0.2898590909090909,0.8919666666666667,E
6KlqjCLNImX7W9zYt2Xa7D,https://open.spotify.com/track/6KlqjCLNImX7W9zYt2Xa7D,0.00368,0.747,0.565,0.0,10.0,0.104,-8.859,1,0.096,143.962,0.395,0.5180090909090909,0.8523499999999999,A#
6Otmq7JokHh38wKSqUimcS,https://open.spotify.com/track/6Otmq7JokHh38wKSqUimcS,0.85,0.533,0.389,0.0012,0.0,0.104,-8.428,1,0.051,76.77,0.164,0.212590909090909,0.8595333333333334,C
6PfZSRqH1vxzYR7z92lD9a,https://open.spotify.com/track/6PfZSRqH1vxzYR7z92lD9a,0.541,0.372,0.298,0.849,4.0,0.107,-11.209,1,0.0325,169.857,0.167,0.6357136363636363,0.8131833333333333,E
6QT6j7rKt7Vk3IuV2AUO9W,https://open.spotify.com/track/6QT6j7rKt7Vk3IuV2AUO9W,0.815,0.395,0.367,0.0,3.0,0.11,-7.653,1,0.0324,77.968,0.426,0.2180363636363636,0.8724500000000001,D#
6StwwqB84sJeLr7tZDTxEX,https://open.spotify.com/track/6StwwqB84sJeLr7tZDTxEX,0.0061,0.611,0.911,0.0,8.0,0.135,-4.106,1,0.0647,119.986,0.495,0.4090272727272727,0.9315666666666668,G#
6SvAvDIzS5ZWBagkc7XOgp,https://open.spotify.com/track/6SvAvDIzS5ZWBagkc7XOgp,0.105,0.724,0.771,0.0,7.0,0.0735,-5.504,0,0.036,140.15,0.926,0.5006818181818182,0.9082666666666668,G
6T0sEnqjmHISIKwFETeeiP,https://open.spotify.com/track/6T0sEnqjmHISIKwFETeeiP,0.212,0.695,0.607,0.0,0.0,0.102,-8.84,1,0.0357,118.043,0.394,0.4001954545454546,0.8526666666666666,C
6TGd66r0nlPaYm3KIoI7ET,https://open.spotify.com/track/6TGd66r0nlPaYm3KIoI7ET,0.637,0.407,0.192,3.33e-06,7.0,0.21,-10.99,1,0.0368,128.173,0.159,0.4462409090909091,0.8168333333333333,G
6TZTu1F0gnp8mtzvYZao41,https://open.spotify.com/track/6TZTu1F0gnp8mtzvYZao41,0.0955,0.898,0.31,0.0,5.0,0.0251,-13.578,1,0.475,115.073,0.881,0.3866954545454545,0.7736999999999999,F
6V1TqJxtw3P0ouCKICvl9l,unknown_href,0.2751393934602076,0.6354256055363322,0.6118322952710495,0.0142921726182237,5.047289504036909,0.1917657439446366,-7.028305651672434,0,0.1090111880046136,122.29604152249134,0.4638054209919262,0.4195274614658697,0.8828615724721262,C
6V2JPFiAeqfZjM3A8VNr5q,https://open.spotify.com/track/6V2JPFiAeqfZjM3A8VNr5q,0.0592,0.512,0.684,0.0,7.0,0.324,-5.187,1,0.15,191.796,0.54,0.7354363636363636,0.91355,G
6VeZ970uI0Yi6sjBgyFBrp,https://open.spotify.com/track/6VeZ970uI0Yi6sjBgyFBrp,0.167,0.698,0.689,0.000119,2.0,0.0692,-12.529,1,0.0577,139.997,0.972,0.4999863636363637,0.7911833333333333,D
6W9l02gRsXVxzIuQC1oc1X,https://open.spotify.com/track/6W9l02gRsXVxzIuQC1oc1X,0.0024299999999999,0.559,0.845,1.46e-06,2.0,0.0726,-4.394,1,0.0501,123.941,0.566,0.4270045454545454,0.9267666666666668,D
6WTFHKrnZpwEBLRS10Ylqs,https://open.spotify.com/track/6WTFHKrnZpwEBLRS10Ylqs,0.13,0.578,0.509,0.734,2.0,0.344,-6.229,1,0.0279,119.945,0.586,0.408840909090909,0.8961833333333333,D
6WatFBLVB0x077xWeoVc2k,https://open.spotify.com/track/6WatFBLVB0x077xWeoVc2k,0.4459999999999999,0.924,0.6680000000000001,0.000594,11.0,0.0678,-6.795,1,0.0469,128.027,0.787,0.4455772727272726,0.8867499999999999,B
6WzRpISELf3YglGAh7TXcG,https://open.spotify.com/track/6WzRpISELf3YglGAh7TXcG,0.0517,0.854,0.674,8.53e-05,1.0,0.509,-6.23,1,0.184,99.022,0.848,0.3137363636363636,0.8961666666666666,C#
6XXKB32Om6WuXg3uEWwTob,https://open.spotify.com/track/6XXKB32Om6WuXg3uEWwTob,0.496,0.624,0.38,0.0,4.0,0.437,-7.426,1,0.0301,150.14,0.251,0.5460909090909091,0.8762333333333333,E
6XXxKsu3RJeN3ZvbMYrgQW,https://open.spotify.com/track/6XXxKsu3RJeN3ZvbMYrgQW,0.382,0.525,0.456,0.0,1.0,0.167,-7.042,1,0.0798,126.691,0.342,0.4395045454545455,0.8826333333333333,C#
6XaJfhwof7qIgbbXO5tIQI,https://open.spotify.com/track/6XaJfhwof7qIgbbXO5tIQI,0.00449,0.695,0.592,0.000663,5.0,0.185,-5.34,0,0.032,108.001,0.482,0.35455,0.911,F
6XjDF6nds4DE2BBbagZol6,https://open.spotify.com/track/6XjDF6nds4DE2BBbagZol6,0.446,0.791,0.499,2.41e-05,8.0,0.0899,-8.472,0,0.0509,99.986,0.669,0.3181181818181818,0.8588,G#
6XkIQqAsFjk1XfD4L7G6qR,https://open.spotify.com/track/6XkIQqAsFjk1XfD4L7G6qR,0.145,0.805,0.548,0.000148,1.0,0.377,-9.316,1,0.173,99.95,0.167,0.3179545454545455,0.8447333333333333,C#
6Y4rniIxibegzsg8cdWAWV,https://open.spotify.com/track/6Y4rniIxibegzsg8cdWAWV,0.0137,0.726,0.779,0.000235,4.0,0.365,-5.432,0,0.0551,119.031,0.539,0.4046863636363637,0.9094666666666666,E
6YWME4xCa5Lm6X1exVMQIC,https://open.spotify.com/track/6YWME4xCa5Lm6X1exVMQIC,0.311,0.69,0.597,4.18e-05,9.0,0.0727,-7.494000000000001,0,0.0395,185.084,0.453,0.7049272727272727,0.8751,A
6ZprqcYFC6D9eIZaCoqrSn,https://open.spotify.com/track/6ZprqcYFC6D9eIZaCoqrSn,0.0481,0.868,0.452,0.000182,7.0,0.133,-6.825,0,0.304,107.538,0.241,0.3524454545454545,0.88625,G
6aPY5G8JEQJtgpaIMyElNX,unknown_href,0.2751393934602076,0.6354256055363322,0.6118322952710495,0.0142921726182237,5.047289504036909,0.1917657439446366,-7.028305651672434,0,0.1090111880046136,122.29604152249134,0.4638054209919262,0.4195274614658697,0.8828615724721262,C
6bSfeCXlUaGa3eWCy5qPTb,https://open.spotify.com/track/6bSfeCXlUaGa3eWCy5qPTb,0.262,0.775,0.316,0.0,9.0,0.0853,-11.591,1,0.447,157.022,0.268,0.5773727272727273,0.8068166666666666,A
6bdzSqnvBWrvq8HLmxZUCC,https://open.spotify.com/track/6bdzSqnvBWrvq8HLmxZUCC,0.334,0.82,0.386,0.0,2.0,0.0991,-8.508,1,0.0598,116.014,0.381,0.3909727272727272,0.8582000000000001,D
6cPKkjNN8rfSDmAlNdhZR9,https://open.spotify.com/track/6cPKkjNN8rfSDmAlNdhZR9,0.0848,0.389,0.642,0.000762,7.0,0.0638,-6.323,1,0.038,155.471,0.363,0.5703227272727273,0.8946166666666666,G
6dANcQ00uiiWoBDYVrsGvz,unknown_href,0.2751393934602076,0.6354256055363322,0.6118322952710495,0.0142921726182237,5.047289504036909,0.1917657439446366,-7.028305651672434,0,0.1090111880046136,122.29604152249134,0.4638054209919262,0.4195274614658697,0.8828615724721262,C
6dBUzqjtbnIa1TwYbyw5CM,https://open.spotify.com/track/6dBUzqjtbnIa1TwYbyw5CM,7.53e-06,0.559,0.871,0.00545,5.0,0.096,-5.338,0,0.0397,104.97,0.572,0.3407727272727273,0.9110333333333334,F
6dOtVTDdiauQNBQEDOtlAB,https://open.spotify.com/track/6dOtVTDdiauQNBQEDOtlAB,0.2,0.747,0.507,0.0608,2.0,0.117,-10.171,1,0.0358,104.978,0.438,0.3408090909090909,0.8304833333333334,D
6dTA6y0C2ReQklntzZl8l3,https://open.spotify.com/track/6dTA6y0C2ReQklntzZl8l3,0.00136,0.516,0.7840000000000001,0.0,4.0,0.0499,-2.636,1,0.0562999999999999,139.787,0.552,0.4990318181818182,0.9560666666666666,E
6dgUya35uo964z7GZXM07g,https://open.spotify.com/track/6dgUya35uo964z7GZXM07g,0.0268,0.7399999999999999,0.697,0.0,8.0,0.224,-4.912,1,0.034,138.992,0.7319999999999999,0.4954181818181817,0.9181333333333334,G#
6f1DJYPjsyIwMD4g1h3fIK,https://open.spotify.com/track/6f1DJYPjsyIwMD4g1h3fIK,0.0378,0.784,0.663,0.0,2.0,0.22,-7.165,1,0.259,140.092,0.0789,0.5004181818181819,0.8805833333333334,D
6f8wbdo8KU5ETWJA7lapgS,https://open.spotify.com/track/6f8wbdo8KU5ETWJA7lapgS,0.567,0.782,0.812,0.00045,0.0,0.101,-6.613,1,0.0469,122.063,0.7,0.4184681818181818,0.8897833333333334,C
6fPan2saHdFaIHuTSatORv,https://open.spotify.com/track/6fPan2saHdFaIHuTSatORv,0.2,0.467,0.392,0.0174,9.0,0.106,-9.355,1,0.0908,145.104,0.313,0.5232000000000001,0.8440833333333333,A
6hu1bJBNMeXIepHr1joKW4,https://open.spotify.com/track/6hu1bJBNMeXIepHr1joKW4,0.0269,0.555,0.74,0.0,8.0,0.206,-5.884,1,0.0453,134.906,0.0384,0.4768454545454546,0.9019333333333334,G#
6i5qhmmF9UNUBRyrPSGn4m,https://open.spotify.com/track/6i5qhmmF9UNUBRyrPSGn4m,0.000658,0.51,0.945,4.8e-06,1.0,0.0413,-5.405,1,0.0804,91.906,0.323,0.2813909090909091,0.9099166666666666,C#
6iF4RgIjDvDqyW13PezSj3,https://open.spotify.com/track/6iF4RgIjDvDqyW13PezSj3,0.00863,0.61,0.571,0.0,2.0,0.131,-5.649,1,0.0782,105.01000000000002,0.747,0.3409545454545455,0.90585,D
6ie0uyyvOKTTuIFBMPiNIl,https://open.spotify.com/track/6ie0uyyvOKTTuIFBMPiNIl,0.297,0.622,0.661,0.000135,1.0,0.165,-5.906,1,0.0826,76.331,0.3619999999999999,0.2105954545454545,0.9015666666666668,C#
6jbYpRPTEFl1HFKHk1IC0m,https://open.spotify.com/track/6jbYpRPTEFl1HFKHk1IC0m,0.287,0.392,0.555,0.000253,4.0,0.13,-6.707,0,0.039,96.063,0.191,0.3002863636363636,0.8882166666666667,E
6jlG8gBPNAgBgoivw2Ig09,https://open.spotify.com/track/6jlG8gBPNAgBgoivw2Ig09,0.174,0.904,0.452,0.0,9.0,0.115,-7.272,1,0.132,90.026,0.613,0.2728454545454545,0.8788,A
6kHYpEnDpMCyGu0E2PlWY1,https://open.spotify.com/track/6kHYpEnDpMCyGu0E2PlWY1,0.0954,0.752,0.693,0.0,6.0,0.293,-6.087,0,0.162,138.104,0.473,0.4913818181818182,0.89855,F#
6kQF79mjbOkvuRvg0J2XZv,https://open.spotify.com/track/6kQF79mjbOkvuRvg0J2XZv,0.149,0.674,0.669,0.0,1.0,0.56,-5.079,0,0.0803,132.098,0.431,0.4640818181818182,0.91535,C#
6l8mgVN9Xf1hiDIFGA6CTE,https://open.spotify.com/track/6l8mgVN9Xf1hiDIFGA6CTE,0.0112,0.784,0.7,1.76e-05,1.0,0.163,-5.289,1,0.0396,126.015,0.204,0.4364318181818182,0.91185,C#
6me7F0aaZjwDo6RJ5MrfBD,https://open.spotify.com/track/6me7F0aaZjwDo6RJ5MrfBD,0.557,0.555,0.216,0.00416,3.0,0.109,-11.661,1,0.0720999999999999,79.109,0.504,0.2232227272727272,0.80565,D#
6nf4oqFOsVKLwJPEliYVwT,https://open.spotify.com/track/6nf4oqFOsVKLwJPEliYVwT,0.0351,0.506,0.651,0.0,7.0,0.248,-4.993,1,0.0361,146.141,0.338,0.5279136363636363,0.9167833333333332,G
6nkIIaFpAiGhk2VcIrT2bI,unknown_href,0.2751393934602076,0.6354256055363322,0.6118322952710495,0.0142921726182237,5.047289504036909,0.1917657439446366,-7.028305651672434,0,0.1090111880046136,122.29604152249134,0.4638054209919262,0.4195274614658697,0.8828615724721262,C
6ouhsRJ7gExB7LCYjITk4Y,unknown_href,0.2751393934602076,0.6354256055363322,0.6118322952710495,0.0142921726182237,5.047289504036909,0.1917657439446366,-7.028305651672434,0,0.1090111880046136,122.29604152249134,0.4638054209919262,0.4195274614658697,0.8828615724721262,C
6pD0ufEQq0xdHSsRbg9LBK,https://open.spotify.com/track/6pD0ufEQq0xdHSsRbg9LBK,0.228,0.569,0.7239999999999999,0.0,6.0,0.27,-4.076,0,0.0474,83.118,0.562,0.2414454545454545,0.9320666666666668,F#
6pf7fmrtYcA4WpqTksuh68,https://open.spotify.com/track/6pf7fmrtYcA4WpqTksuh68,0.0801,0.816,0.561,2.74e-06,11.0,0.231,-7.566,1,0.293,135.028,0.111,0.4773999999999999,0.8739,B
6qAcApH8obo8eqatCKUHd9,https://open.spotify.com/track/6qAcApH8obo8eqatCKUHd9,0.0143,0.604,0.644,0.0,2.0,0.237,-6.931,1,0.0889,170.088,0.1969999999999999,0.6367636363636363,0.8844833333333334,D
6qn9YLKt13AGvpq9jfO8py,https://open.spotify.com/track/6qn9YLKt13AGvpq9jfO8py,0.025,0.735,0.766,0.00141,1.0,0.108,-4.485,1,0.0384,127.975,0.6,0.445340909090909,0.92525,C#
6rdkCkjk6D12xRpdMXy0I2,https://open.spotify.com/track/6rdkCkjk6D12xRpdMXy0I2,0.51,0.807,0.721,0.00216,4.0,0.115,-6.211000000000001,0,0.0507999999999999,134.014,0.532,0.4727909090909091,0.8964833333333334,E
6rjuKpPydT2SxN15TZpV7r,https://open.spotify.com/track/6rjuKpPydT2SxN15TZpV7r,0.098,0.724,0.779,0.0,7.0,0.127,-5.412,0,0.0807,123.013,0.53,0.4227863636363637,0.9098,G
6rqn19AqjcM5wgI1hCYciJ,unknown_href,0.2751393934602076,0.6354256055363322,0.6118322952710495,0.0142921726182237,5.047289504036909,0.1917657439446366,-7.028305651672434,0,0.1090111880046136,122.29604152249134,0.4638054209919262,0.4195274614658697,0.8828615724721262,C
6s2wpWPFPAgKg2LXxi1Oee,https://open.spotify.com/track/6s2wpWPFPAgKg2LXxi1Oee,0.362,0.357,0.668,1.37e-06,0.0,0.727,-8.444,1,0.0479,139.986,0.4069999999999999,0.4999363636363635,0.8592666666666666,C
6tNgRQ0K2NYZ0Rb9l9DzL8,https://open.spotify.com/track/6tNgRQ0K2NYZ0Rb9l9DzL8,0.0181,0.6800000000000002,0.581,1.07e-06,8.0,0.276,-5.166,1,0.106,119.974,0.63,0.4089727272727272,0.9139,G#
6uIIdjYTxxpWOyWuVXrKQO,https://open.spotify.com/track/6uIIdjYTxxpWOyWuVXrKQO,0.183,0.808,0.944,1.11e-06,10.0,0.138,-4.863,0,0.0408,124.934,0.937,0.4315181818181818,0.91895,A#
6uMGHQvhZq8YyT4kdnG1L3,https://open.spotify.com/track/6uMGHQvhZq8YyT4kdnG1L3,0.511,0.574,0.439,0.0,0.0,0.71,-10.311,1,0.2,78.302,0.395,0.2195545454545454,0.82815,C
6vb4kCEIM7zrwuHlxFbfeB,https://open.spotify.com/track/6vb4kCEIM7zrwuHlxFbfeB,0.000156,0.831,0.362,0.0162,1.0,0.168,-6.085,1,0.229,139.941,0.313,0.4997318181818181,0.8985833333333333,C#
6wf7Yu7cxBSPrRlWeSeK0Q,https://open.spotify.com/track/6wf7Yu7cxBSPrRlWeSeK0Q,0.953,0.391,0.084,0.0,0.0,0.0983,-17.843,1,0.0317,79.449,0.111,0.2247681818181818,0.7026166666666666,C
6wsqVwoiVH2kde4k4KKAFU,https://open.spotify.com/track/6wsqVwoiVH2kde4k4KKAFU,0.0186,0.927,0.619,0.0,5.0,0.104,-4.441,0,0.0539,117.995,0.817,0.3999772727272727,0.9259833333333332,F
6x9pCndnXEoea0CMcfjs9W,https://open.spotify.com/track/6x9pCndnXEoea0CMcfjs9W,0.0962999999999999,0.818,0.512,0.0371,5.0,0.11,-9.056,0,0.0884,131.974,0.153,0.4635181818181818,0.8490666666666667,F
6xGr4tVzpTX99p9Cf0hRRL,https://open.spotify.com/track/6xGr4tVzpTX99p9Cf0hRRL,0.0322,0.8530000000000001,0.824,0.0,1.0,0.0859,-3.2870000000000004,1,0.103,108.044,0.888,0.3547454545454545,0.9452166666666668,C#
70ToiXlzl8N1EgfC07ZcZE,https://open.spotify.com/track/70ToiXlzl8N1EgfC07ZcZE,0.0373,0.555,0.528,0.0,11.0,0.16,-6.367999999999999,0,0.356,149.723,0.456,0.5441954545454546,0.8938666666666666,B
71BqAINEnezjQfxE4VuJfq,https://open.spotify.com/track/71BqAINEnezjQfxE4VuJfq,0.33,0.621,0.415,0.000112,2.0,0.0634,-13.187,1,0.0543,77.978,0.313,0.2180818181818181,0.7802166666666667,D
71jWljGDgSEpsa1LA5LHSg,https://open.spotify.com/track/71jWljGDgSEpsa1LA5LHSg,0.623,0.438,0.385,0.0,2.0,0.115,-9.505,1,0.0516,171.531,0.232,0.6433227272727273,0.8415833333333332,D
7221xIgOnuakPdLqT0F3nP,https://open.spotify.com/track/7221xIgOnuakPdLqT0F3nP,0.00757,0.638,0.855,0.0,7.0,0.245,-4.86,1,0.0264,127.986,0.731,0.4453909090909091,0.919,G
724YXkrlOINBst64isK3KP,https://open.spotify.com/track/724YXkrlOINBst64isK3KP,0.0175,0.643,0.678,0.0,2.0,0.145,-5.505,1,0.0416,155.063,0.468,0.5684681818181818,0.90825,D
72qABvaqn3TP6drO2tByA6,https://open.spotify.com/track/72qABvaqn3TP6drO2tByA6,0.0842,0.754,0.673,8.59e-05,9.0,0.0841,-6.341,1,0.131,147.02,0.112,0.531909090909091,0.8943166666666666,A
72s47svN0csVk41h0LdbSe,https://open.spotify.com/track/72s47svN0csVk41h0LdbSe,0.649,0.488,0.457,0.477,10.0,0.148,-10.205,1,0.0375,116.89,0.17,0.3949545454545454,0.8299166666666667,A#
73KAidtqbDftZjy8AD0H04,https://open.spotify.com/track/73KAidtqbDftZjy8AD0H04,0.0839,0.614,0.743,0.0,6.0,0.107,-5.046,1,0.0313,138.077,0.623,0.4912590909090909,0.9159,F#
741UUVE2kuITl0c6zuqqbO,https://open.spotify.com/track/741UUVE2kuITl0c6zuqqbO,0.519,0.77,0.58,0.000127,0.0,0.233,-8.393,1,0.247,144.072,0.753,0.5185090909090909,0.8601166666666666,C
74tLlkN3rgVzRqQJgPfink,https://open.spotify.com/track/74tLlkN3rgVzRqQJgPfink,0.0709,0.716,0.531,0.0,7.0,0.22,-7.355,1,0.157,71.972,0.335,0.1907818181818181,0.8774166666666666,G
75W3SngKzTuoQ94uLf3y82,https://open.spotify.com/track/75W3SngKzTuoQ94uLf3y82,0.00198,0.761,0.67,1.08e-05,5.0,0.0873,-5.956,1,0.0537,120.014,0.519,0.4091545454545454,0.9007333333333332,F
75rNNskDNJJz45znMDaMnV,https://open.spotify.com/track/75rNNskDNJJz45znMDaMnV,0.0301,0.793,0.601,0.00625,2.0,0.188,-4.978,1,0.056,131.995,0.0877,0.4636136363636364,0.9170333333333331,D
76gcXhY3Zv6wW0BTe9nHJo,https://open.spotify.com/track/76gcXhY3Zv6wW0BTe9nHJo,0.174,0.65,0.659,0.00772,3.0,0.126,-6.522,0,0.123,76.985,0.154,0.2135681818181818,0.8913,D#
77DRzu7ERs0TX3roZcre7Q,https://open.spotify.com/track/77DRzu7ERs0TX3roZcre7Q,0.046,0.831,0.643,0.0,1.0,0.084,-5.002,1,0.11,139.948,0.142,0.4997636363636364,0.9166333333333332,C#
77khP2fIVhSW23NwxrRluh,https://open.spotify.com/track/77khP2fIVhSW23NwxrRluh,0.579,0.682,0.375,0.0,0.0,0.076,-13.056,1,0.0303,140.453,0.888,0.502059090909091,0.7824000000000001,C
77pfjsq0gSZwO8bYVTVROo,https://open.spotify.com/track/77pfjsq0gSZwO8bYVTVROo,0.368,0.8080000000000002,0.705,0.0,0.0,0.907,-5.332,0,0.298,119.97700000000002,0.656,0.4089863636363637,0.9111333333333334,C
78Du4CMFgnhdlG33gblkiP,https://open.spotify.com/track/78Du4CMFgnhdlG33gblkiP,0.753,0.678,0.264,0.0,10.0,0.302,-12.384,1,0.0622,121.722,0.528,0.4169181818181818,0.7936,A#
799KrpEbhZp0MHeiA8YK9P,https://open.spotify.com/track/799KrpEbhZp0MHeiA8YK9P,0.607,0.626,0.428,0.0,2.0,0.0921,-8.374,1,0.0261,94.95,0.487,0.2952272727272727,0.8604333333333333,D
79AHPJd8upvNxyK2qQcY8J,https://open.spotify.com/track/79AHPJd8upvNxyK2qQcY8J,0.078,0.745,0.663,0.0,1.0,0.213,-5.056,1,0.423,167.137,0.686,0.62335,0.9157333333333334,C#
79DPYZ6x8FfzgSgPoPhpC3,https://open.spotify.com/track/79DPYZ6x8FfzgSgPoPhpC3,0.019,0.835,0.43,0.0718,5.0,0.0869,-6.268,0,0.0389,129.983,0.305,0.4544681818181818,0.8955333333333333,F
79uDOz0zuuWS7HWxzMmTa2,https://open.spotify.com/track/79uDOz0zuuWS7HWxzMmTa2,0.00705,0.486,0.635,0.0,2.0,0.119,-3.994,1,0.0277999999999999,141.868,0.235,0.5084909090909091,0.9334333333333332,D
7ABLbnD53cQK00mhcaOUVG,https://open.spotify.com/track/7ABLbnD53cQK00mhcaOUVG,0.0739,0.708,0.737,0.00162,1.0,0.0955,-4.045,1,0.0436,91.986,0.607,0.2817545454545455,0.9325833333333332,C#
7BPadP3q9qwMkho3IMPU99,https://open.spotify.com/track/7BPadP3q9qwMkho3IMPU99,0.0166,0.6019999999999999,0.8769999999999999,6.51e-06,4.0,0.858,-6.27,0,0.385,105.002,0.724,0.3409181818181818,0.8955000000000001,E
7BRD7x5pt8Lqa1eGYC4dzj,https://open.spotify.com/track/7BRD7x5pt8Lqa1eGYC4dzj,0.144,0.7,0.425,0.8790000000000001,7.0,0.083,-12.531,1,0.0529,110.015,0.521,0.3637045454545454,0.79115,G
7C1BLYzAvR0KdBpov3GpUZ,https://open.spotify.com/track/7C1BLYzAvR0KdBpov3GpUZ,0.678,0.351,0.593,5.54e-05,3.0,0.117,-5.549,1,0.0267,92.263,0.358,0.2830136363636364,0.9075166666666666,D#
7CA0mEKqEZ0WFAIlTS4uEl,https://open.spotify.com/track/7CA0mEKqEZ0WFAIlTS4uEl,0.208,0.73,0.639,0.00041,10.0,0.118,-8.358,0,0.185,124.014,0.337,0.4273363636363636,0.8606999999999999,A#
7CwWhMGWICOl2ICwbk3QTE,https://open.spotify.com/track/7CwWhMGWICOl2ICwbk3QTE,0.0196,0.731,0.817,6.13e-06,8.0,0.349,-5.595,1,0.0791,130.032,0.661,0.4546909090909091,0.90675,G#
7CyPwkp0oE8Ro9Dd5CUDjW,https://open.spotify.com/track/7CyPwkp0oE8Ro9Dd5CUDjW,0.0393,0.264,0.64,2.31e-06,8.0,0.151,-6.221,1,0.0442,84.828,0.19,0.2492181818181818,0.8963166666666667,G#
7DSAEUvxU8FajXtRloy8M0,https://open.spotify.com/track/7DSAEUvxU8FajXtRloy8M0,0.0583999999999999,0.706,0.691,6.99e-05,0.0,0.0232,-4.775,1,0.0633,118.04800000000002,0.632,0.4002181818181819,0.9204166666666668,C
7DfFc7a6Rwfi3YQMRbDMau,https://open.spotify.com/track/7DfFc7a6Rwfi3YQMRbDMau,0.409,0.721,0.339,0.00153,0.0,0.0973,-11.195,1,0.0532,129.83,0.2,0.4537727272727273,0.8134166666666667,C
7DpUoxGSdlDHfqCYj0otzU,https://open.spotify.com/track/7DpUoxGSdlDHfqCYj0otzU,0.8149999999999998,0.521,0.254,0.884,9.0,0.114,-14.409,0,0.0399,125.021,0.153,0.4319136363636364,0.75985,A
7E2DqvnVtbIrFrL5X6YH9Q,https://open.spotify.com/track/7E2DqvnVtbIrFrL5X6YH9Q,0.368,0.717,0.85,0.0,10.0,0.0495,-5.329,1,0.0473,119.001,0.805,0.40455,0.9111833333333332,A#
7EiUtdeoWcKqLi5ELZCjYf,https://open.spotify.com/track/7EiUtdeoWcKqLi5ELZCjYf,0.085,0.6450000000000001,0.803,0.0,1.0,0.101,-4.223,1,0.227,89.499,0.314,0.2704499999999999,0.9296166666666666,C#
7F5oktn5YOsR9eR5YsFtqb,https://open.spotify.com/track/7F5oktn5YOsR9eR5YsFtqb,0.921,0.661,0.151,0.0,0.0,0.13,-12.864,1,0.0354,94.922,0.23,0.2951,0.7856,C
7FM0t87KFy3ViLJW5yFxna,https://open.spotify.com/track/7FM0t87KFy3ViLJW5yFxna,0.935,0.601,0.214,0.0021,6.0,0.111,-10.275,0,0.0436,129.767,0.163,0.4534863636363636,0.82875,F#
7FOgcfdz9Nx5V9lCNXdBYv,https://open.spotify.com/track/7FOgcfdz9Nx5V9lCNXdBYv,0.0176,0.657,0.82,0.0,9.0,0.0847,-4.448,1,0.0441,124.041,0.709,0.4274590909090909,0.9258666666666666,A
7G0gBu6nLdhFDPRLc0HdDG,https://open.spotify.com/track/7G0gBu6nLdhFDPRLc0HdDG,0.00314,0.647,0.793,1.93e-06,7.0,0.174,-2.903,1,0.0363,121.101,0.5,0.4140954545454545,0.9516166666666668,G
7G6l2FtQyRhQgYgut2I6i8,https://open.spotify.com/track/7G6l2FtQyRhQgYgut2I6i8,0.266,0.68,0.87,0.0,5.0,0.109,-4.461,1,0.0393,119.078,0.645,0.4049,0.92565,F
7GXOXYdU950eRvk5rUAE8F,https://open.spotify.com/track/7GXOXYdU950eRvk5rUAE8F,0.0386,0.66,0.716,0.0,10.0,0.236,-7.353,0,0.353,172.683,0.419,0.6485590909090909,0.87745,A#
7I3RalBqE7ZE0RSxgGlGlm,https://open.spotify.com/track/7I3RalBqE7ZE0RSxgGlGlm,0.169,0.824,0.878,0.0,1.0,0.369,-5.02,0,0.273,100.005,0.645,0.3182045454545454,0.9163333333333334,C#
7IWcDWOfiooH5hRs9XOVYz,https://open.spotify.com/track/7IWcDWOfiooH5hRs9XOVYz,0.624,0.33,0.4829999999999999,0.0,9.0,0.111,-9.394,1,0.0399,87.115,0.34,0.2596136363636363,0.8434333333333334,A
7JRwdwgeTrYkJvwmecrPSW,https://open.spotify.com/track/7JRwdwgeTrYkJvwmecrPSW,0.122,0.565,0.766,0.0,8.0,0.0865,-6.708,1,0.444,161.615,0.241,0.5982500000000001,0.8882,G#
7JqH46zlr7XV7vMBt4slE6,https://open.spotify.com/track/7JqH46zlr7XV7vMBt4slE6,0.512,0.494,0.254,0.0,2.0,0.112,-9.963,1,0.0391,105.004,0.357,0.3409272727272727,0.83395,D
7KA4W4McWYRpgf0fWsJZWB,https://open.spotify.com/track/7KA4W4McWYRpgf0fWsJZWB,0.371,0.558,0.559,7.49e-06,6.0,0.109,-9.222,1,0.0959,78.558,0.6199999999999999,0.2207181818181818,0.8462999999999999,F#
7KGqSVxESDoLeeRCiIxZZ2,https://open.spotify.com/track/7KGqSVxESDoLeeRCiIxZZ2,0.161,0.587,0.623,0.0,1.0,0.272,-4.867,1,0.16,128.272,0.319,0.446690909090909,0.9188833333333334,C#
7KXjTSCq5nL1LoYtL7XAwS,https://open.spotify.com/track/7KXjTSCq5nL1LoYtL7XAwS,0.000282,0.908,0.621,5.39e-05,1.0,0.0958,-6.638,0,0.102,150.011,0.421,0.5455045454545454,0.8893666666666667,C#
7KokYm8cMIXCsGVmUvKtqf,https://open.spotify.com/track/7KokYm8cMIXCsGVmUvKtqf,0.062,0.64,0.619,0.0,8.0,0.475,-7.108,1,0.065,90.008,0.121,0.2727636363636363,0.8815333333333334,G#
7LSpFCvRZZot2AlmkUzy9k,https://open.spotify.com/track/7LSpFCvRZZot2AlmkUzy9k,0.0976,0.588,0.88,0.000167,9.0,0.767,-6.117,0,0.0747,96.003,0.242,0.3000136363636363,0.89805,A
7aQ1tSYr518KwnE4SVSQbT,https://open.spotify.com/track/7aQ1tSYr518KwnE4SVSQbT,0.128,0.8030000000000002,0.512,0.0,9.0,0.0928,-6.871,0,0.066,96.02,0.4349999999999999,0.3000909090909091,0.8854833333333333,A
7aRCf5cLOFN1U7kvtChY1G,https://open.spotify.com/track/7aRCf5cLOFN1U7kvtChY1G,0.0757,0.828,0.4409999999999999,8.68e-06,10.0,0.295,-8.562,0,0.0685,140.009,0.533,0.500040909090909,0.8573000000000001,A#
7aWeQwHSMD6TzPOepi1tlb,https://open.spotify.com/track/7aWeQwHSMD6TzPOepi1tlb,0.06,0.69,0.528,5.46e-05,10.0,0.169,-5.71,0,0.214,167.954,0.304,0.6270636363636364,0.9048333333333332,A#
7aqfrAY2p9BUSiupwk3svU,https://open.spotify.com/track/7aqfrAY2p9BUSiupwk3svU,0.0306,0.4749999999999999,0.655,0.0,11.0,0.375,-7.342,0,0.33,163.997,0.245,0.6090772727272727,0.8776333333333334,B
7bPp2NmpmyhLJ7zWazAXMu,https://open.spotify.com/track/7bPp2NmpmyhLJ7zWazAXMu,0.3940000000000001,0.557,0.866,0.0,6.0,0.11,-4.454,1,0.0503,167.767,0.631,0.6262136363636364,0.9257666666666666,F#
7e89621JPkKaeDSTQ3avtg,https://open.spotify.com/track/7e89621JPkKaeDSTQ3avtg,0.1809999999999999,0.596,0.606,0.000327,7.0,0.0863,-12.145,1,0.0255,97.785,0.886,0.3081136363636363,0.7975833333333334,G
7eEr7lgWYudwEKEaWCPiPI,https://open.spotify.com/track/7eEr7lgWYudwEKEaWCPiPI,0.716,0.476,0.192,0.0,7.0,0.11,-12.553,1,0.0269,93.709,0.201,0.2895863636363636,0.7907833333333334,G
7eGuPhpdS8sBjPJNuAShUX,https://open.spotify.com/track/7eGuPhpdS8sBjPJNuAShUX,0.691,0.607,0.48,0.0,1.0,0.111,-8.81,1,0.12,151.909,0.637,0.5541318181818181,0.8531666666666666,C#
7eOuUmpnHBlg5zsm8Cs7c3,https://open.spotify.com/track/7eOuUmpnHBlg5zsm8Cs7c3,0.607,0.469,0.208,1.7199999999999998e-06,0.0,0.127,-9.022,1,0.0448,81.098,0.215,0.2322636363636363,0.8496333333333334,C
7faDzZnZYqTyYThx2sbHVQ,https://open.spotify.com/track/7faDzZnZYqTyYThx2sbHVQ,0.802,0.616,0.103,0.0,9.0,0.076,-14.404,1,0.0395,110.612,0.338,0.3664181818181818,0.7599333333333333,A
7fesNTgTEMEH0ye8MOgEDY,https://open.spotify.com/track/7fesNTgTEMEH0ye8MOgEDY,0.835,0.426,0.218,0.0,0.0,0.108,-11.705,1,0.0341,135.205,0.116,0.4782045454545455,0.8049166666666667,C
7hR22TOX3RorxJPcsz5Wbo,https://open.spotify.com/track/7hR22TOX3RorxJPcsz5Wbo,0.00948,0.619,0.8429999999999999,0.000118,5.0,0.164,-5.348,0,0.0284,122.064,0.746,0.4184727272727272,0.9108666666666668,F
7hRLuo4QnzCsjICXUOhTE6,https://open.spotify.com/track/7hRLuo4QnzCsjICXUOhTE6,0.0266,0.738,0.71,0.0,5.0,0.156,-3.778,0,0.0698,151.985,0.722,0.5544772727272728,0.9370333333333334,F
7iQXYTyuG13aoeHxGG28Nh,https://open.spotify.com/track/7iQXYTyuG13aoeHxGG28Nh,0.0887,0.911,0.778,2.16e-05,5.0,0.179,-2.248,1,0.262,96.057,0.345,0.3002590909090909,0.9625333333333334,F
7iabz12vAuVQYyekFIWJxD,https://open.spotify.com/track/7iabz12vAuVQYyekFIWJxD,0.359,0.882,0.764,0.0,11.0,0.1189999999999999,-5.241,1,0.204,140.113,0.886,0.5005136363636363,0.91265,B
7jPdqwZug0ovtDZsY5uK4T,https://open.spotify.com/track/7jPdqwZug0ovtDZsY5uK4T,0.0264,0.352,0.628,4.74e-05,1.0,0.0952,-6.259,1,0.0428,140.431,0.387,0.501959090909091,0.8956833333333333,C#
7mOC6phfrfz3jfigg1aGsE,https://open.spotify.com/track/7mOC6phfrfz3jfigg1aGsE,0.0226,0.9190000000000002,0.629,0.0,1.0,0.146,-5.17,1,0.376,135.05,0.407,0.4775,0.9138333333333332,C#
7mXuWTczZNxG5EDcjFEuJR,https://open.spotify.com/track/7mXuWTczZNxG5EDcjFEuJR,0.216,0.646,0.736,0.0,5.0,0.415,-7.118,0,0.0449,140.098,0.8729999999999999,0.5004454545454546,0.8813666666666666,F
7n7VsX3sv66znBwA8b5uhp,https://open.spotify.com/track/7n7VsX3sv66znBwA8b5uhp,0.968,0.575,0.236,0.0178,2.0,0.105,-16.982,1,0.0421999999999999,79.576,0.8290000000000001,0.2253454545454545,0.7169666666666666,D
7ne4VBA60CxGM75vw0EYad,https://open.spotify.com/track/7ne4VBA60CxGM75vw0EYad,0.214,0.554,0.808,0.0,1.0,0.159,-4.169,1,0.0368,108.54800000000002,0.372,0.3570363636363637,0.9305166666666668,C#
7ogK4lJDVDMU6A6vYR5rvD,https://open.spotify.com/track/7ogK4lJDVDMU6A6vYR5rvD,0.609,0.609,0.541,0.0,7.0,0.1219999999999999,-8.013,1,0.0346,95.997,0.252,0.2999863636363636,0.86645,G
7omJfT9s6V2IpQNBYyq5C8,https://open.spotify.com/track/7omJfT9s6V2IpQNBYyq5C8,0.0748,0.494,0.849,0.00152,0.0,0.791,-6.438,0,0.343,181.428,0.512,0.6883090909090909,0.8926999999999999,C
7pBcryEKcUEaWHwAu1wUyP,https://open.spotify.com/track/7pBcryEKcUEaWHwAu1wUyP,0.0404,0.596,0.507,2.67e-06,1.0,0.164,-5.719,0,0.227,139.194,0.0988,0.4963363636363636,0.9046833333333332,C#
7pDfRnoEDRkcz7bQsOjnPc,https://open.spotify.com/track/7pDfRnoEDRkcz7bQsOjnPc,0.00255,0.926,0.791,0.0,5.0,0.0772,-4.553,1,0.273,139.166,0.473,0.4962090909090909,0.9241166666666668,F
7pkqvejfDmeLen9MrnppQr,https://open.spotify.com/track/7pkqvejfDmeLen9MrnppQr,0.728,0.504,0.378,0.313,11.0,0.717,-14.203,1,0.0408,145.685,0.849,0.5258409090909091,0.7632833333333333,B
7qLr3HMApUbyDkUvgIvHnB,https://open.spotify.com/track/7qLr3HMApUbyDkUvgIvHnB,0.0517,0.808,0.789,0.0,7.0,0.0819,-5.88,0,0.236,136.01,0.465,0.4818636363636363,0.902,G
7rDcULv8vV16vetBjPJhuE,https://open.spotify.com/track/7rDcULv8vV16vetBjPJhuE,0.0534,0.648,0.667,6.75e-06,0.0,0.0908,-8.986,1,0.0311,109.607,0.666,0.36185,0.8502333333333333,C
7rSERmjAT38lC5QhJ8hnQc,https://open.spotify.com/track/7rSERmjAT38lC5QhJ8hnQc,0.000706,0.452,0.928,0.000637,2.0,0.226,-3.133,1,0.079,129.188,0.6,0.4508545454545454,0.9477833333333332,D
7ro0hRteUMfnOioTFI5TG1,https://open.spotify.com/track/7ro0hRteUMfnOioTFI5TG1,0.143,0.652,0.8,0.629,9.0,0.112,-4.019,0,0.0614,143.978,0.234,0.5180818181818182,0.9330166666666668,A
7sVbKoBdhXtYCEOO6qC1SN,https://open.spotify.com/track/7sVbKoBdhXtYCEOO6qC1SN,0.0314,0.717,0.586,0.26,0.0,0.426,-6.15,0,0.0273,109.99299999999998,0.429,0.3636045454545453,0.8975000000000001,C
7sliFe6W30tPBPh6dvZsIH,https://open.spotify.com/track/7sliFe6W30tPBPh6dvZsIH,0.0187,0.823,0.388,0.0,1.0,0.0876,-10.867,1,0.491,154.569,0.507,0.5662227272727273,0.8188833333333333,C#
7tI8dRuH2Yc6RuoTjxo4dU,https://open.spotify.com/track/7tI8dRuH2Yc6RuoTjxo4dU,0.00289,0.66,0.756,0.0,0.0,0.193,-3.743,0,0.032,116.034,0.838,0.3910636363636364,0.9376166666666668,C
7tqhbajSfrz2F7E1Z75ASX,https://open.spotify.com/track/7tqhbajSfrz2F7E1Z75ASX,0.43,0.663,0.6,0.0,7.0,0.184,-10.87,1,0.032,129.987,0.797,0.4544863636363636,0.8188333333333334,G
7uGYWMwRy24dm7RUDDhUlD,https://open.spotify.com/track/7uGYWMwRy24dm7RUDDhUlD,0.137,0.596,0.563,0.0,0.0,0.302,-7.362,1,0.0269,97.073,0.481,0.3048772727272727,0.8773,C
7ucEkWU0SVy0XFdfXESgfY,https://open.spotify.com/track/7ucEkWU0SVy0XFdfXESgfY,0.442,0.751,0.669,2.11e-06,7.0,0.15,-5.367,1,0.445,93.705,0.69,0.2895681818181818,0.91055,G
7uoFMmxln0GPXQ0AcCBXRq,https://open.spotify.com/track/7uoFMmxln0GPXQ0AcCBXRq,0.426,0.717,0.524,0.0,1.0,0.0932,-6.222,1,0.0331,104.953,0.339,0.3406954545454546,0.8963,C#
7vQbuQcyTflfCIOu3Uzzya,https://open.spotify.com/track/7vQbuQcyTflfCIOu3Uzzya,0.643,0.754,0.424,0.0,2.0,0.0652,-8.463,1,0.0363,119.705,0.806,0.40775,0.85895,D
7vv89PswQvqGKCGJ1rw5on,https://open.spotify.com/track/7vv89PswQvqGKCGJ1rw5on,0.054,0.731,0.686,0.0,11.0,0.0865,-4.707,0,0.121,121.991,0.458,0.418140909090909,0.92155,B
7wAkQFShJ27V8362MqevQr,https://open.spotify.com/track/7wAkQFShJ27V8362MqevQr,0.73,0.423,0.533,0.00264,9.0,0.0816,-11.388,1,0.322,160.218,0.248,0.5919,0.8102,A
7wOpdeL1e8nsK5fQwj40Ox,https://open.spotify.com/track/7wOpdeL1e8nsK5fQwj40Ox,0.723,0.507,0.844,0.0,4.0,0.36,-1.96,0,0.0871,77.644,0.743,0.2165636363636363,0.9673333333333332,E
7wuJGgpTNzbUyn26IOY6rj,https://open.spotify.com/track/7wuJGgpTNzbUyn26IOY6rj,0.145,0.431,0.723,0.0,8.0,0.374,-5.887,1,0.0568,130.141,0.19,0.4551863636363636,0.9018833333333334,G#
7xBRZggjZohj1fIx5qp0eC,unknown_href,0.2751393934602076,0.6354256055363322,0.6118322952710495,0.0142921726182237,5.047289504036909,0.1917657439446366,-7.028305651672434,0,0.1090111880046136,122.29604152249134,0.4638054209919262,0.4195274614658697,0.8828615724721262,C
7xapw9Oy21WpfEcib2ErSA,https://open.spotify.com/track/7xapw9Oy21WpfEcib2ErSA,0.498,0.658,0.56,0.0,6.0,0.0794,-9.049,0,0.0467,161.993,0.854,0.5999681818181818,0.8491833333333333,F#
7z7kvUQGwlC6iOl7vMuAr9,https://open.spotify.com/track/7z7kvUQGwlC6iOl7vMuAr9,0.0011,0.552,0.7299999999999999,0.0,1.0,0.0837,-6.203,1,0.0381,116.875,0.162,0.3948863636363636,0.8966166666666666,C#
